0.0
74899.12363955556
226589.7063201786
396056.7527323037
526204.6952517112
609530.1576660533
659265.6300759948
689034.911141063
707918.0425503826
721121.4464677499
731440.2998700511
740329.5640917993
748535.481844559
756438.228032832
764231.0481409598
772012.2736973905
779832.1817795873
787716.7575885942
795679.7192884571
803728.596813306
811867.8033293935
820100.1868512302
828427.814056377
836852.3662921627
845375.3397226647
853998.146562919
862722.166362238
871548.772063716
880479.3433277368
889515.2734262241
898657.9728927923
907908.8715374882
917269.4196386385
926741.0887222324
936325.3721361883
946023.7855242938
955837.8672528126
965769.1788165895
975819.3052382679
985989.8554675749
996282.4627842477
1006698.7852064855
1017240.5059059468
1027909.3336298842
1038707.0031307928
1049635.2756038418
1060695.939132298
1071890.8091411397
1083221.728859032
1094690.5697888483
1106299.2321869032
1118049.6455510838
1129943.7691180562
1141983.5923697276
1154171.13554916
1166508.4501861185
1178997.6196324558
1191640.7596075297
1204440.0187538627
1217397.5792032452
1230515.6571535042
1243796.5034561497
1257242.4042151242
1270855.6813968832
1284638.693452043
1298593.8359488246
1312723.5422185522
1327030.2840134385
1341516.5721769275
1356184.9573268394
1371038.030551603
1386078.4241198243
1401308.8122034927
1416731.9116150897
1432350.482558908
1448167.3293968632
1464185.3014291166
1480407.2936898067
1496836.2477582202
1513475.152585716
1530327.0453387476
1547395.0122583124
1564682.1895361852
1582191.7642082872
1599926.9750655561
1617891.1135826926
1636087.5248651574
1654519.60861482
1673190.8201146487
1692104.671232854
1711264.7314469053
1730674.628887844
1750338.051405333
1770258.7476538941
1790440.528200781
1810887.2666559687
1831602.9008247303
1852591.4338832996
1873856.9355781137
1895403.5434491574
1917235.4640779328
1939356.9743605931
1961772.4228067927
1984486.2308648198
2007502.894273586
2030826.9844420692
2054463.1498568142
2078416.11751811
2102690.6944054803
2127291.768973142
2152224.312676089
2177493.381527491
2203104.117688101
2229061.7510883943
2255371.601084162
2282039.078146316
2309069.685585673
2336469.0213135034
2364242.7796386527
2392396.7531020623
2420936.8343495317
2449869.018043598
2479199.402815413
2508934.193257522
2539079.701958502
2569642.3515803837
2600628.6769798542
2632045.3273742404
2663899.0685533015
2696196.7851378815
2728945.4828865007
2762152.2910509976
2795824.4647823544
2829969.3875878607
2864594.5738408184
2899707.671344003
2935316.4639481334
2971428.874226636
3008052.9662080165
3045196.948167193
3082869.1754771713
3121078.1535224784
3159832.540675814
3199141.151339409
3239012.9590526205
3279457.099667329
3320482.874592759
3362099.7541113556
3404317.380767421
3447145.5728302477
3490594.3278335235
3534673.8261928367
3579394.434903161
3624766.711318234
3670801.407013812
3717509.4717368158
3764902.057442453
3812990.5224214448
3861786.4355195323
3911301.5804515393
3961547.96021225
4012537.8015865074
4064283.559760937
4116797.923039783
4170093.8176674256
4224184.412760205
4279083.12535023
4334803.625543961
4391359.8417983735
4448765.966317663
4507036.46057344
4566186.060951527
4626229.784528478
4687182.934981103
4749061.108632292
4811880.200636578
4875656.411308943
4940406.252600482
5006146.554724628
5072894.472937735
5140667.494477955
5209483.445666395
5279360.499174723
5350317.181463413
5422372.380395041
5495545.353027078
5569855.733588796
5645323.541647012
5721969.190465543
5799813.495563355
5878877.683476551
5959183.400729486
6040752.72302041
6123608.164627276
6207772.6880393755
6293269.713820762
6380123.130711502
6468357.30597299
6557997.0959837595
6649067.85709236
6741595.456734108
6835606.284818682
6931127.265395732
7028185.8686059
7126810.122924826
7227028.627707987
7328870.566044372
7432365.717927271
7537544.473750724
7644437.848140332
7753077.494127483
7863495.717676255
7975725.492572527
8089800.475685152
8205755.022609278
8323624.203702231
8443443.820522703
8565250.422684237
8689081.325134384
8814974.625871241
8942969.224109406
9073104.838907726
9205422.028271647
9339962.208743295
9476767.675492836
9615881.622925092
9757348.16581574
9901212.36099195
10047520.229572685
10196318.779784406
10347656.030368334
10501581.034595998
10658143.904910251
10817395.838209452
10979389.141793126
11144177.259987855
11311814.801472887
11482357.567325411
11655862.579806097
11832388.111906251
12011993.717678381
12194740.263372896
12380689.95940415
12569906.393169906
12762454.562749002
12958400.911502805
13157813.363606762
13360761.360539334
13567315.898556285
13777549.567179358
13991536.588729147
14209352.858933046
14431075.988639994
14656785.346674955
14886562.103866888
15120489.278285265
15358651.781721171
15601136.467450269
15848032.179316085
16099429.802173296
16355422.313732086
16616104.837845791
16881574.69928574
17151931.4800482
17427277.07724028
17707715.762592874
17993354.243650295
18284301.72668823
18580669.98141292
18882573.407496568
19190129.103005547
19503456.934780158
19822679.610826343
20147922.754782017
20479314.982522734
20816987.980973423
21161076.589195542
21511718.8818209
21869056.254906196
22233233.51428463
22604398.966493644
22982704.51236048
23368305.74333019
23761362.04062335
24162036.677314147
24570496.923422333
24986914.154115822
25411463.961124197
25844326.267466765
26285685.44560253
26735730.439113017
27194654.888033036
27662657.25794829
28139940.97298307
28626714.55280562
29123191.753783163
29629591.71442345
30146139.10524448
30673064.28321898
31210603.45094581
31758998.82070557
32318498.78356358
32889358.083689142
33471837.998066366
34066206.521777794
34672738.55904909
35291716.120249644
35923428.52505111
36568172.61195346
37226252.954395756
37897982.08367671
38583680.71891868
39283678.00431729
39998311.75392781
40727928.704248935
41472884.774874285
42233545.33749193
43010285.4935232
43803490.3607025
44613555.36891158
45440886.56559361
46285900.93108455
47149026.7042125
48030703.718528666
48931383.749547966
49851530.873391666
50791621.83723941
51752146.44201391
52733607.9377382
53736523.432021715
54625242.976558976
54839792.401143156
55044435.497391135
55239363.297089525
55424886.43085231
55600374.22446383
55765321.95755938
55919958.49645765
56064072.83263286
56197010.148166865
56319000.4022031
56430077.997949086
56529655.532100886
56617749.32875006
56694684.064834416
56760478.411539644
56815043.820581235
56858734.21175551
56891387.66040079
56913592.418810405
56924948.09412751
56925890.7213308
56915685.02572885
56895138.57278614
56863954.33484686
56822106.42499787
56769413.68505834
56706460.64525283
56632991.55973298
56548235.36498289
56452567.252058476
56347177.01624021
56231114.79880955
56104342.6439486
55967727.23972078
55821782.4160433
55666179.71672954
55501169.87375261
55326130.613863446
55141776.99938473
54948703.67606271
54745988.94322488
54534202.28005396
54313380.331308246
54083748.28029964
53844957.260456674
53597446.98096859
53341566.57380851
53077276.977071956
52804774.07095995
52524287.77100224
52235733.03297151
51939437.30184708
51635163.04114543
51323656.04457876
51004618.133731574
50677781.777181976
50344073.7005887
50492093.33789201
50640679.063269705
50789833.54297041
50939559.45816542
51089859.505045265
51240736.39491737
51392192.85430419
51544231.625042096
51696855.464381166
51850067.14508544
52003869.45553418
52158265.199823745
52313257.19787015
52468848.28551264
52625041.31461774
52781839.15318423
52939244.685449004
53097260.81199342
53255890.4498508
53415136.53261438
53575002.010546386
53735489.85068771
53896603.03696851
54138803.84396829
54423291.63373773
54730141.26634194
55049365.01726622
55375954.43884383
55707400.878374025
56042451.93729293
56380486.8868074
56721202.73302554
57064456.3659995
57410185.17552369
57758367.12489009
58109000.66938367
58462094.656110674
58817663.24435314
59175723.351267114
59536293.36786046
59899392.5139479
60265040.5145321
60633257.43787777
61004063.614930734
61377479.599664725
61753526.15002573
62132224.21924715
62513594.95239133
62897659.68553019
63284439.94626314
63673957.45491777
64066234.12610433
64461292.07045806
64859153.59648682
65259841.21248191
65663377.62847136
66069785.758205436
66479088.72116906
66891309.84461893
67306472.66564405
67724600.9332495
68145718.61046301
68569849.87646481
68997019.12874065
69427250.98525852
69860570.28666891
70297002.09852934
70736571.713553
71179304.6538822
71625226.67338674
72074363.75998722
72526742.13800414
72982388.27053262
73441328.86184339
73903590.85981011
74369201.4583634
74838188.09997198
75310578.47815128
75786400.53999951
76265682.48876221
76748452.7864247
77234740.15633355
77724573.58584706
78217982.32901524
78714995.90928932
79215644.12226167
79719957.03843613
80227965.00602907
80739698.653802
81255188.89392547
81774466.92487514
82297564.23436038
82824512.60228536
83355344.10374348
83890091.11204553
84428786.30178148
84971462.65191716
85518153.44892551
86068892.28995289
86623713.08602157
87182650.06526795
87745737.77621756
88313011.09109698
88884505.2091834
89460255.6601918
90040298.3077009
90624669.35261777
91213405.33668181
91806543.14600872
92404120.01467459
93006173.52834107
93612741.62792155
94223862.61328965
94839575.14702962
95459918.25822999
96084931.34632033
96714654.18495247
97349126.92592558
97988390.10315685
98632484.6366977
99281451.83679593
99935333.40800506
100594171.45334072
101258008.47848518
101926887.39604029
102600851.52982984
103279944.61925146
103964210.82367903
104653694.72691625
105348441.34170163
106048496.11426634
106753904.92894438
107464714.11283705
108180970.44053142
108902721.13887393
109630013.89179985
110362896.845219
111101418.61195882
111845628.27676529
112595575.40136229
113351310.02957065
114112882.69248721
114880344.41372463
115653746.71471316
116433141.6200647
117218581.66300021
118010119.89084111
118807809.87056571
119611705.69443133
120421861.98566307
121238333.90420975
122061177.15256853
122890447.98167859
123726203.19688478
124568500.16397236
125417396.81527364
126272951.65584762
127135223.769733
128004272.82627632
128880159.08653572
129762943.4097613
130652687.2599533
131549452.71249892
132453302.4608888
133364299.82351448
134282508.75054747
135207993.83090138
136140820.29927814
137081054.04329887
138028761.61072138
138984010.2167449
139946867.7514032
140917402.7870476
141895684.58592042
142881783.1078208
143875769.01786363
144877713.69433308
145887689.2366316
146905768.47332615
147932024.9702927
148966533.03896025
150009367.7446558
151060604.91505134
152120321.1487151
153188593.82376692
154265501.1066407
155351121.96095437
156445536.15648928
156284815.8621756
155424334.08636418
154542145.8976749
153639224.72983104
152717457.3773561
151775768.2447758
150814797.1660139
149834051.49511296
148834361.2800652
147816373.28488806
146780219.6770569
145726081.49682358
144655668.61637428
143571949.05031648
142476266.029081
141369104.72524965
140250495.50893322
139120670.6859735
137980052.32754356
136829143.60621306
135667570.00432357
134496328.89054844
132961828.0222285
131532381.8988701
130106988.28640991
128686230.78452702
127268946.74321195
125854837.69582468
124444288.21886875
123037989.55598502
121634913.4955439
120235944.45003037
118841840.17889819
117451495.09695819
116064953.22352469
114682762.84467529
113304963.32567611
111932083.51189196
110563888.59804943
109200148.96949266
107839926.14774214
106484024.70428376
105132012.39162116
103784134.34551547
102440210.25755633
101099692.79297513
99764518.92762592
98434785.69026437
97109810.46962151
95789992.95911153
94475903.96041442
93168256.85457519
91865966.68980254
90568178.88504721
89274913.67051099
87985833.39839824
86701922.09347062
85423200.17400062
84150033.06169987
82882165.54402556
81619830.45522214
80362360.42929259
79110120.3579333
77862608.18679586
76619790.89477098
75381629.38062726
74147691.18382955
72918356.700859
71693122.10151228
70470146.6608554
69249405.64648831
68031389.09408407
66816073.30736431
65603078.53793764
64392939.990518
63185361.14253832
61980111.02488258
60776611.55857277
59575879.4008465
58377490.60553728
57181217.90806942
55987518.61419896
54796281.46502981
53607626.43652817
52420968.41345182
51236144.967687875
50053415.217327245
48872396.970951185
47693119.677842855
46515025.461041376
45338151.3948685
44162946.03562963
42990075.66486674
41818618.92812179
40649744.246589266
39482351.347700514
38316111.97222399
37150853.43927907
35987381.43300618
34825616.51463631
33664860.96894191
32504585.52259477
31345130.646638624
30186299.265604455
29026833.85900469
27867128.96622215
26707490.236432765
25547059.221516285
24386102.7084037
23224484.077234443
22062092.48589443
20898809.766541958
19734499.61280553
18568884.855565395
17401433.062023178
16231816.901840867
15060062.838910181
13884919.578876136
12706585.184015939
11523139.091257812
10334714.566379832
9138539.896972597
7932026.443943081
6712301.789312978
5471712.020127692
4197373.083723844
2857607.3609237475
1315638.0237617814
