0.0
0.0
0.0
0.0
0.0
0.0
0.0
0.0
0.0
0.0
0.0
0.0
0.0
0.0
0.0
0.0
0.0
0.0
0.0
0.0
0.0
0.0
0.0
0.0
0.0
0.0
0.0
0.0
0.0
0.0
0.0
0.0
0.0
0.0
0.0
0.0
0.0
0.0
0.0
0.0
0.0
0.0
0.0
0.0
0.0
0.0
0.0
0.0
0.0
0.0
0.0
0.0
0.0
0.0
0.0
0.0
0.0
0.0
0.0
0.0
0.0
0.0
0.0
0.0
0.0
0.0
0.0
0.0
0.0
0.0
0.0
0.0
0.0
0.0
0.0
0.0
0.0
0.0
0.0
0.0
0.0
0.0
0.0
0.0
0.0
0.0
0.0
0.0
0.0
0.0
0.0
0.0
0.0
0.0
0.0
0.0
0.0
0.0
0.0
0.0
0.0
0.0
0.0
0.0
0.0
0.0
0.0
0.0
0.0
0.0
0.0
0.0
0.0
0.0
0.0
0.0
0.0
0.0
0.0
0.0
0.0
0.0
0.0
0.0
0.0
0.0
0.0
0.0
0.0
0.0
0.0
0.0
0.0
0.0
0.0
0.0
0.0
0.0
0.0
0.0
0.0
0.0
0.0
0.0
0.0
0.0
0.0
0.0
0.0
0.0
0.0
0.0
0.0
0.0
0.0
0.0
0.0
0.0
0.0
0.0
0.0
0.0
0.0
0.0
0.0
0.0
0.0
0.0
0.0
0.0
0.0
0.0
0.0
0.0
0.0
0.0
0.0
0.0
0.0
0.0
0.0
0.0
0.0
0.0
0.0
0.0
0.0
0.0
0.0
0.0
0.0
0.0
0.0
0.0
0.0
0.0
0.0
0.0
0.0
0.0
0.0
0.0
0.0
0.0
0.0
0.0
0.0
0.0
0.0
0.0
0.0
0.0
0.0
0.0
0.0
0.0
0.0
0.0
0.0
0.0
0.0
0.0
0.0
0.0
0.0
0.0
0.0
0.0
0.0
0.0
0.0
0.0
0.0
0.0
0.0
0.0
0.0
0.0
0.0
0.0
0.0
0.0
0.0
0.0
0.0
0.0
0.0
0.0
0.0
0.0
0.0
0.0
0.0
0.0
0.0
0.0
0.0
0.0
0.0
0.0
0.0
0.0
0.0
0.0
0.0
0.0
0.0
0.0
0.0
0.0
0.0
0.0
0.0
0.0
0.0
0.0
0.0
0.0
0.0
0.0
0.0
0.0
0.0
0.0
0.0
0.0
0.0
0.0
0.0
0.0
0.0
0.0
0.0
0.0
0.0
0.0
0.0
0.0
0.0
0.0
0.0
0.0
0.0
0.0
0.0
0.0
0.0
0.0
0.0
0.0
0.0
0.0
0.0
0.0
0.0
0.0
0.0
0.0
0.0
0.0
0.0
0.0
0.0
0.0
0.0
0.0
0.0
0.0
0.0
0.0
0.0
0.0
0.0
0.0
0.0
0.0
0.0
0.0
0.0
0.0
0.0
0.0
0.0
0.0
0.0
0.0
0.0
0.0
0.0
0.0
0.0
0.0
0.0
0.0
0.0
0.0
0.0
0.0
0.0
0.0
0.0
0.0
0.0
0.0
0.0
0.0
0.0
0.0
0.0
0.0
0.0
0.0
0.0
0.0
0.0
0.0
0.0
0.0
0.0
0.0
0.0
0.0
0.0
0.0
0.0
0.0
0.0
2.295156947934885e+18
2.2500115479650304e+18
2.2696607671220298e+18
2.289501739028823e+18
2.309536560727897e+18
2.329767516405946e+18
2.350196477411111e+18
2.3708252151620147e+18
2.391656657340403e+18
2.412692235294704e+18
2.4339345812105057e+18
2.4553857670799555e+18
2.4770476101507907e+18
2.4989223209055483e+18
2.5210128100112067e+18
2.5433208996740086e+18
2.56583890728902e+18
2.588572942718901e+18
2.611530057068194e+18
2.6347126501924736e+18
2.6581231500017674e+18
2.681764012814249e+18
2.705637723714748e+18
2.729746796918094e+18
2.7540937735008573e+18
2.7911064703031834e+18
2.8350504372395146e+18
2.882982796094241e+18
2.9334269559466895e+18
2.985644022453501e+18
3.0392685481500774e+18
3.0941248075146506e+18
3.150190037330895e+18
3.207379905627991e+18
3.26569015035864e+18
3.3251295562764815e+18
3.385713818343185e+18
3.4474623850563195e+18
3.5103967676388864e+18
3.574539995164973e+18
3.639915685831159e+18
3.706548606539606e+18
3.774464098073698e+18
3.8436879076320445e+18
3.91424654428559e+18
3.986167000612296e+18
4.0594768498187315e+18
4.134204147820714e+18
4.2103777590462833e+18
4.2880269494352476e+18
4.367181823418704e+18
4.447872912047836e+18
4.5301316114128855e+18
4.613989881058051e+18
4.699563854499164e+18
4.786805579275022e+18
4.875749033083613e+18
4.966429042615902e+18
5.058881294652765e+18
5.15314160219245e+18
5.249247578267288e+18
5.347237121374674e+18
5.447148961529588e+18
5.549022930393483e+18
5.652899311532351e+18
5.758819107191545e+18
5.866824629941284e+18
5.976959262978291e+18
6.089267038294036e+18
6.203792941497665e+18
6.320582933432846e+18
6.439683815193243e+18
6.561142902776376e+18
6.68512312245706e+18
6.811564280418669e+18
6.940516621581562e+18
7.072032936065616e+18
7.20616665487782e+18
7.342971689721487e+18
7.482503301583882e+18
7.624818605067506e+18
7.769976637923473e+18
7.918037724582124e+18
8.069061916935856e+18
8.223111407174502e+18
8.380250403046474e+18
8.540543016688099e+18
8.704056313741584e+18
8.870997400980253e+18
9.041299543582111e+18
9.215033670742708e+18
9.392269926200201e+18
9.573083930174384e+18
9.75755070741609e+18
9.945748609786038e+18
1.0137757335995406e+19
1.0333654866740804e+19
1.0533523443298513e+19
1.0737450489001816e+19
1.094567926316857e+19
1.1158139607103836e+19
1.1374921698462374e+19
1.1596116670649514e+19
1.1821818316479255e+19
1.205211946817787e+19
1.2287117691051327e+19
1.2526917489889122e+19
1.2771783107004588e+19
1.3021651835909093e+19
1.3276626632831148e+19
1.3536825758745129e+19
1.3802512986555687e+19
1.4073632234730336e+19
1.4350309067377009e+19
1.4632675918628327e+19
1.492099784567088e+19
1.521520404009791e+19
1.5515541143182584e+19
1.5822123956509415e+19
1.6135081076291033e+19
1.6454600781107642e+19
1.6780759286148841e+19
1.7113708000479308e+19
1.7453590424433766e+19
1.7800590962034401e+19
1.8154809008877017e+19
1.8516295928371552e+19
1.888390500796771e+19
1.9259198476647154e+19
1.964234511405637e+19
2.00335175857467e+19
2.0432892537066754e+19
2.0840650689084318e+19
2.1256976936918897e+19
2.1682060450549002e+19
2.2116094778158e+19
2.255927795208558e+19
2.3011812597077926e+19
2.3473906042773864e+19
2.3945770436781703e+19
2.4427622862121497e+19
2.491968545726673e+19
2.5422185539230618e+19
2.593535572977701e+19
2.6459434084838593e+19
2.6994664226806153e+19
2.75412954818717e+19
2.809958301834165e+19
2.8669787990167302e+19
2.925217768371848e+19
2.984702566830909e+19
3.0454611950574928e+19
3.107522313280544e+19
3.170915257486513e+19
3.2356700562155405e+19
3.301817447506117e+19
3.3693888964644577e+19
3.438416613238879e+19
3.5089335714574107e+19
3.5809735271409488e+19
3.654571038053129e+19
3.729761483757467e+19
3.8065810858822615e+19
3.885066929118108e+19
3.965256982707788e+19
4.047190122493857e+19
4.130906153483069e+19
4.216445833221673e+19
4.303850895442461e+19
4.393164074552885e+19
4.484429130705571e+19
4.5776908755234456e+19
4.672995198497272e+19
4.770389094012701e+19
4.869920689330119e+19
4.971639272929873e+19
5.075595323847336e+19
5.18184054171699e+19
5.290427877606672e+19
5.401411564927733e+19
5.514847154109773e+19
5.63079154375457e+19
5.749303015576443e+19
5.870441269523613e+19
5.994267459828879e+19
6.120844231944893e+19
6.250235760740861e+19
6.382507789288826e+19
0.0
0.0
0.0
0.0
0.0
0.0
0.0
0.0
0.0
0.0
0.0
0.0
0.0
0.0
0.0
0.0
0.0
0.0
0.0
0.0
0.0
0.0
0.0
0.0
0.0
0.0
0.0
0.0
0.0
0.0
0.0
0.0
0.0
0.0
0.0
0.0
0.0
0.0
0.0
0.0
0.0
0.0
0.0
0.0
0.0
0.0
0.0
0.0
0.0
0.0
0.0
0.0
0.0
0.0
0.0
0.0
0.0
0.0
0.0
0.0
0.0
0.0
0.0
0.0
0.0
0.0
0.0
0.0
0.0
0.0
0.0
0.0
0.0
0.0
0.0
0.0
0.0
0.0
0.0
0.0
0.0
0.0
0.0
0.0
0.0
0.0
0.0
0.0
0.0
0.0
0.0
0.0
0.0
0.0
0.0
0.0
0.0
0.0
0.0
0.0
0.0
0.0
0.0
0.0
0.0
0.0
0.0
0.0
0.0
0.0
0.0
0.0
0.0
0.0
0.0
0.0
0.0
0.0
0.0
0.0
0.0
0.0
0.0
0.0
0.0
0.0
0.0
0.0
0.0
