0.0
1.4450615724975942e+17
1.448328905286416e+17
1.4516614858228656e+17
1.4557786354324173e+17
1.460715983982775e+17
1.4653549319390602e+17
1.4700817177767027e+17
1.475029625051626e+17
1.4785335232605398e+17
1.4822542365619222e+17
1.487595150161723e+17
1.4928792379438506e+17
1.4977290343176717e+17
1.501290534832123e+17
1.5037100439207306e+17
1.5058332931719965e+17
1.5097101032678006e+17
1.514373523986967e+17
1.5192773131752682e+17
1.5223541113595818e+17
1.5254062716946003e+17
1.5308976571992272e+17
1.5368952640487325e+17
1.5472809914808566e+17
1.5586335225413795e+17
1.572356799821234e+17
1.586693656614291e+17
1.5999716764840563e+17
1.6124873250499773e+17
1.6265616899395114e+17
1.6389551943562266e+17
1.6527370983570755e+17
1.6688685021568352e+17
1.6840487532031443e+17
1.6985845266563725e+17
1.714580487931174e+17
1.7307230749221696e+17
1.7461101629403904e+17
1.7609527294183126e+17
1.7788291203967478e+17
1.796195863090035e+17
1.813738790026687e+17
1.8306317838935795e+17
1.8481066221776352e+17
1.865536606566462e+17
1.8836136085504445e+17
1.902383632046997e+17
1.9221937464349485e+17
1.942626588652031e+17
1.9620797963747635e+17
1.980886611810183e+17
2.0008448924209696e+17
2.019886406162827e+17
2.035980077920924e+17
2.0551039476450566e+17
2.0747714007640227e+17
2.093263168272857e+17
2.112784861935808e+17
2.1315754876574784e+17
2.1515328428040234e+17
2.1722779809664173e+17
2.192319525104726e+17
2.2129868376904896e+17
2.2332131857034406e+17
2.2562659568785645e+17
2.2774853814235898e+17
2.301433451107495e+17
2.3258883638105923e+17
2.348652990714225e+17
2.3716632312764294e+17
2.3948260933773136e+17
2.4173333427326227e+17
2.4432952380337328e+17
2.470361308607307e+17
2.4947912272957152e+17
2.5214470004963232e+17
2.546241774439337e+17
2.5719845293297283e+17
2.5975063737221053e+17
2.6232786962860214e+17
2.650958911201077e+17
2.6785801767747334e+17
2.704761060352991e+17
2.7312931861096832e+17
2.7592811940011066e+17
2.7883908292427117e+17
2.8193010053375312e+17
2.8483181207538266e+17
2.8768216228605872e+17
2.9057614463748115e+17
2.93525390736342e+17
2.9638499664315194e+17
2.9939214844583443e+17
3.025676159187993e+17
3.058478549044223e+17
3.0906102292250976e+17
3.1212353529991046e+17
3.151179520585753e+17
3.1832028530462746e+17
3.214131372006467e+17
3.242793608067972e+17
3.276542180033526e+17
3.309798338846357e+17
3.342469672967695e+17
3.37388666697806e+17
3.4090836275086694e+17
3.4461142611959635e+17
3.482078365553191e+17
3.5172370134286656e+17
3.554277148805089e+17
3.587275235924506e+17
3.621706972780321e+17
3.6572960598951776e+17
3.6872034413139085e+17
3.7222485937895994e+17
3.758992091831441e+17
3.7965597579800256e+17
3.836093304045387e+17
3.876665362622834e+17
3.916860083557882e+17
3.955542704232705e+17
3.991326991219945e+17
4.035352414844389e+17
4.075770370408713e+17
4.1171912573881984e+17
4.1595137362876826e+17
4.2007235697020384e+17
4.240755013465101e+17
4.2814612877655104e+17
4.3268041469237754e+17
4.370458946641118e+17
4.412225860605476e+17
4.45508405282044e+17
4.499393166858758e+17
4.5455855464292576e+17
4.5929179511681184e+17
4.6415425217615565e+17
4.689838337750186e+17
4.7369225572166854e+17
4.7826777717686336e+17
4.829316373800799e+17
4.879285776677499e+17
4.9308360351584045e+17
4.9822806028649786e+17
5.0354774336799405e+17
5.083992962785626e+17
5.130439141987635e+17
5.180584556390764e+17
5.229847758823161e+17
5.280194503733724e+17
5.338492915461399e+17
5.396571606219917e+17
5.4564720742713965e+17
5.513030434554113e+17
5.562687131966218e+17
5.6244120439817e+17
5.680123536411778e+17
5.7361711167727155e+17
5.788207324696952e+17
5.845098743327045e+17
5.90800872077317e+17
5.970561655652488e+17
6.028446398512297e+17
6.088217031408303e+17
6.152373425718208e+17
6.20904454598269e+17
6.272509476790275e+17
6.33630822345286e+17
6.395318836539336e+17
6.44966968228888e+17
6.477196370861644e+17
6.499082881461055e+17
6.534880248907406e+17
6.571166300500051e+17
6.61081146241805e+17
6.648943092423259e+17
6.688656015536969e+17
6.729127209978611e+17
6.775117512509962e+17
6.816807525475812e+17
6.857548689048009e+17
6.922948861616279e+17
6.998001345066172e+17
7.065643684872097e+17
7.13432791528687e+17
7.202000812292582e+17
7.274634011475548e+17
