3223	0.000300183	0.000300183
3222	0.000300183	0.000600366
3221	0.000300183	0.000900549
3220	0.000300183	0.001200732
3219	0.000300183	0.001500915
3218	0.000300183	0.001801098
3217	0.000300183	0.002101282
3216	0.000300183	0.002401465
3215	0.000300183	0.002701648
3214	0.000300183	0.003001831
3213	0.000300183	0.003302014
3212	0.000300183	0.003602197
3211	0.000300183	0.00390238
3210	0.000300183	0.004202563
3209	0.000300183	0.004502746
3208	0.000300183	0.004802929
3207	0.000300183	0.005103112
3206	0.000300183	0.005403295
3205	0.000300183	0.005703478
3204	0.000300183	0.006003662
3203	0.000300183	0.006303845
3202	0.000300183	0.006604028
3201	0.000300183	0.006904211
3200	0.000600366	0.007504577
3199	0.000600366	0.008104943
3198	0.000600366	0.008705309
3197	0.000600366	0.009305675
3196	0.000600366	0.009906042
3195	0.000600366	0.010506408
3194	0.000600366	0.011106774
3193	0.000600366	0.01170714
3192	0.000600366	0.012307506
3191	0.000600366	0.012907872
3190	0.000600366	0.013508238
3189	0.000600366	0.014108605
3188	0.000600366	0.014708971
3187	0.000600366	0.015309337
3186	0.000600366	0.015909703
3185	0.000600366	0.016510069
3184	0.000600366	0.017110435
3183	0.000600366	0.017710802
3182	0.000600366	0.018311168
3181	0.000600366	0.018911534
3180	0.000600366	0.0195119
3179	0.000600366	0.020112266
3178	0.000600366	0.020712632
3177	0.000600366	0.021312999
3176	0.000600366	0.021913365
3175	0.000600366	0.022513731
3174	0.000600366	0.023114097
3173	0.000600366	0.023714463
3172	0.000600366	0.024314829
3171	0.000600366	0.024915195
3170	0.000600366	0.025515562
3169	0.000600366	0.026115928
3168	0.000600366	0.026716294
3167	0.000600366	0.02731666
3166	0.000600366	0.027917026
3165	0.000600366	0.028517392
3164	0.000600366	0.029117759
3163	0.000600366	0.029718125
3162	0.000600366	0.030318491
3161	0.000600366	0.030918857
3160	0.000600366	0.031519223
3159	0.000600366	0.032119589
3158	0.000600366	0.032719955
3157	0.000600366	0.033320322
3156	0.000600366	0.033920688
3155	0.000600366	0.034521054
3154	0.000600366	0.03512142
3153	0.000600366	0.035721786
3152	0.000600366	0.036322152
3151	0.000600366	0.036922519
3150	0.000600366	0.037522885
3149	0.000600366	0.038123251
3148	0.000600366	0.038723617
3147	0.000600366	0.039323983
3146	0.000600366	0.039924349
3145	0.000600366	0.040524715
3144	0.000600366	0.041125082
3143	0.000600366	0.041725448
3142	0.000600366	0.042325814
3141	0.000600366	0.04292618
3140	0.000600366	0.043526546
3139	0.000600366	0.044126912
3138	0.000600366	0.044727279
3137	0.000600366	0.045327645
3136	0.000600366	0.045928011
3135	0.000600366	0.046528377
3134	0.000600366	0.047128743
3133	0.000600366	0.047729109
3132	0.000600366	0.048329475
3131	0.000600366	0.048929842
3130	0.000600366	0.049530208
3129	0.000600366	0.050130574
3128	0.000600366	0.05073094
3127	0.000600366	0.051331306
3126	0.000600366	0.051931672
3125	0.000600366	0.052532039
3124	0.000600366	0.053132405
3123	0.000600366	0.053732771
3122	0.000600366	0.054333137
3121	0.000600366	0.054933503
3120	0.000600366	0.055533869
3119	0.000600366	0.056134235
3118	0.000600366	0.056734602
3117	0.000600366	0.057334968
3116	0.000600366	0.057935334
3115	0.000600366	0.0585357
3114	0.000600366	0.059136066
3113	0.000600366	0.059736432
3112	0.000600366	0.060336799
3111	0.000600366	0.060937165
3110	0.000600366	0.061537531
3109	0.000900549	0.06243808
3108	0.000900549	0.063338629
3107	0.000900549	0.064239179
3106	0.000900549	0.065139728
3105	0.000900549	0.066040277
3104	0.000900549	0.066940826
3103	0.000900549	0.067841375
3102	0.000900549	0.068741925
3101	0.000900549	0.069642474
3100	0.000900549	0.070543023
3099	0.000900549	0.071443572
3098	0.000900549	0.072344122
3097	0.000900549	0.073244671
3096	0.000900549	0.07414522
3095	0.000900549	0.075045769
3094	0.000900549	0.075946319
3093	0.000900549	0.076846868
3092	0.000900549	0.077747417
3091	0.000900549	0.078647966
3090	0.000900549	0.079548515
3089	0.000900549	0.080449065
3088	0.000900549	0.081349614
3087	0.000900549	0.082250163
3086	0.000900549	0.083150712
3085	0.000900549	0.084051262
3084	0.000900549	0.084951811
3083	0.000900549	0.08585236
3082	0.000900549	0.086752909
3081	0.000900549	0.087653459
3080	0.000900549	0.088554008
3079	0.000900549	0.089454557
3078	0.000900549	0.090355106
3077	0.000900549	0.091255655
3076	0.000900549	0.092156205
3075	0.000900549	0.093056754
3074	0.000900549	0.093957303
3073	0.000900549	0.094857852
3072	0.000900549	0.095758402
3071	0.000900549	0.096658951
3070	0.000900549	0.0975595
3069	0.000900549	0.098460049
3068	0.000900549	0.099360599
3067	0.000900549	0.100261148
3066	0.000900549	0.101161697
3065	0.000900549	0.102062246
3064	0.000900549	0.102962795
3063	0.000900549	0.103863345
3062	0.000900549	0.104763894
3061	0.000900549	0.105664443
3060	0.000900549	0.106564992
3059	0.000900549	0.107465542
3058	0.000900549	0.108366091
3057	0.000900549	0.10926664
3056	0.000900549	0.110167189
3055	0.000900549	0.111067739
3054	0.000900549	0.111968288
3053	0.000900549	0.112868837
3052	0.000900549	0.113769386
3051	0.000900549	0.114669935
3050	0.000900549	0.115570485
3049	0.000900549	0.116471034
3048	0.000900549	0.117371583
3047	0.000900549	0.118272132
3046	0.000900549	0.119172682
3045	0.000900549	0.120073231
3044	0.000900549	0.12097378
3043	0.000900549	0.121874329
3042	0.000900549	0.122774879
3041	0.000900549	0.123675428
3040	0.001200732	0.12487616
3039	0.001200732	0.126076892
3038	0.001200732	0.127277625
3037	0.001200732	0.128478357
3036	0.001200732	0.129679089
3035	0.001200732	0.130879822
3034	0.001200732	0.132080554
3033	0.001200732	0.133281286
3032	0.001200732	0.134482019
3031	0.001200732	0.135682751
3030	0.001200732	0.136883483
3029	0.001200732	0.138084215
3028	0.001200732	0.139284948
3027	0.001200732	0.14048568
3026	0.001200732	0.141686412
3025	0.001200732	0.142887145
3024	0.001200732	0.144087877
3023	0.001200732	0.145288609
3022	0.001200732	0.146489342
3021	0.001200732	0.147690074
3020	0.001200732	0.148890806
3019	0.001495541	0.150386347
3018	0.001495541	0.151881888
3017	0.001495541	0.153377429
3016	0.001495541	0.154872971
3015	0.001495541	0.156368512
3014	0.001495541	0.157864053
3013	0.001495541	0.159359594
3012	0.001495541	0.160855135
3011	0.001495541	0.162350676
3010	0.001495541	0.163846217
3009	0.001495541	0.165341758
3008	0.001495541	0.166837299
3007	0.001495541	0.16833284
3006	0.001495541	0.169828381
3005	0.001495541	0.171323922
3004	0.001495541	0.172819463
3003	0.001495541	0.174315005
3002	0.001495541	0.175810546
3001	0.001495541	0.177306087
3000	0.001495541	0.178801628
2999	0.001495541	0.180297169
2998	0.001495541	0.18179271
2997	0.001495541	0.183288251
2996	0.001495541	0.184783792
2995	0.001495541	0.186279333
2994	0.001495541	0.187774874
2993	0.001495541	0.189270415
2992	0.001495541	0.190765956
2991	0.001495541	0.192261497
2990	0.001495541	0.193757039
2989	0.001495541	0.19525258
2988	0.001495541	0.196748121
2987	0.001495541	0.198243662
2986	0.001495541	0.199739203
2985	0.001495541	0.201234744
2984	0.001495541	0.202730285
2983	0.001495541	0.204225826
2982	0.001495541	0.205721367
2981	0.001495541	0.207216908
2980	0.001495541	0.208712449
2979	0.001495541	0.21020799
2978	0.001495541	0.211703531
2977	0.001495541	0.213199072
2976	0.001495541	0.214694614
2975	0.001495541	0.216190155
2974	0.001495541	0.217685696
2973	0.001495541	0.219181237
2972	0.001495541	0.220676778
2971	0.002095907	0.222772685
2970	0.002095907	0.224868592
2969	0.002095907	0.2269645
2968	0.002095907	0.229060407
2967	0.002095907	0.231156314
2966	0.002395027	0.233551341
2965	0.002395027	0.235946367
2964	0.002395027	0.238341394
2963	0.002395027	0.24073642
2962	0.002692002	0.243428423
2961	0.002692002	0.246120425
2960	0.002692002	0.248812427
2959	0.002692002	0.251504429
2958	0.002692002	0.254196431
2957	0.002692002	0.256888433
2956	0.002692002	0.259580435
2955	0.002692002	0.262272437
2954	0.002692002	0.264964439
2953	0.002692002	0.267656442
2952	0.002692002	0.270348444
2951	0.002987897	0.273336341
2950	0.002987897	0.276324238
2949	0.002987897	0.279312135
2948	0.002987897	0.282300032
2947	0.002987897	0.285287929
2946	0.003285947	0.288573876
2945	0.003285947	0.291859824
2944	0.003285947	0.295145771
2943	0.003285947	0.298431719
2942	0.003285947	0.301717666
2941	0.003285947	0.305003614
2940	0.003285947	0.308289561
2939	0.003585067	0.311874628
2938	0.003585067	0.315459695
2937	0.003585067	0.319044762
2936	0.003585067	0.322629829
2935	0.003585067	0.326214896
2934	0.003585067	0.329799962
2933	0.003585067	0.333385029
2932	0.003585067	0.336970096
2931	0.003585067	0.340555163
2930	0.003585067	0.34414023
2929	0.003585067	0.347725297
2928	0.003585067	0.351310364
2927	0.003585067	0.354895431
2926	0.00388525	0.358780681
2925	0.0041833	0.362963981
2924	0.0041833	0.367147281
2923	0.0041833	0.371330582
2922	0.0041833	0.375513882
2921	0.0041833	0.379697182
2920	0.0041833	0.383880483
2919	0.00447592	0.388356403
2918	0.00447592	0.392832323
2917	0.00447592	0.397308243
2916	0.00447592	0.401784163
2915	0.00447592	0.406260083
2914	0.00447592	0.410736003
2913	0.00447592	0.415211923
2912	0.00447592	0.419687843
2911	0.00447592	0.424163763
2910	0.004517092	0.428680854
2909	0.004644471	0.433325325
2908	0.00477185	0.438097176
2907	0.004899229	0.442996405
2906	0.005026609	0.448023014
2905	0.005153988	0.453177002
2904	0.005281367	0.458458369
2903	0.005408746	0.463867115
2902	0.005536125	0.469403241
2901	0.005663505	0.475066745
2900	0.005790884	0.480857629
2899	0.005918263	0.486775892
2898	0.006045642	0.492821535
2897	0.006173022	0.498994557
2896	0.006300401	0.505294957
2895	0.00642778	0.511722737
2894	0.006555159	0.518277897
2893	0.006682538	0.524960435
2892	0.006809918	0.531770353
2891	0.006937297	0.53870765
2890	0.007064676	0.545772326
2889	0.007192055	0.552964381
2888	0.007613151	0.560577532
2887	0.00774053	0.568318063
2886	0.008162719	0.576480782
2885	0.008290098	0.58477088
2884	0.008417477	0.593188357
2883	0.008544857	0.601733214
2882	0.008672236	0.61040545
2881	0.008799615	0.619205065
2880	0.008926994	0.628132059
2879	0.009351349	0.637483408
2878	0.009478728	0.646962136
2877	0.009606107	0.656568243
2876	0.009733486	0.66630173
2875	0.010159985	0.676461715
2874	0.010287365	0.686749079
2873	0.010414744	0.697163823
2872	0.010542123	0.707705946
2871	0.010669502	0.718375448
2870	0.010796881	0.729172329
2869	0.01092426	0.74009659
2868	0.011051639	0.751148229
2867	0.011179019	0.762327248
2866	0.011600115	0.773927363
2865	0.011727494	0.785654857
2864	0.012153994	0.79780885
2863	0.012281372	0.810090222
2862	0.012408752	0.822498974
2861	0.012536131	0.835035105
2860	0.01266351	0.847698615
2859	0.012790889	0.860489504
2858	0.012918269	0.873407773
2857	0.013345831	0.886753603
2856	0.01347321	0.900226813
2855	0.013600589	0.913827402
2854	0.013727968	0.92755537
2853	0.013855348	0.941410718
2852	0.013982727	0.955393444
2851	0.014110106	0.96950355
2850	0.014237485	0.983741035
2849	0.014364864	0.998105899
2848	0.014492244	1.012598143
2847	0.014619623	1.027217765
2846	0.014747002	1.041964767
2845	0.014874381	1.056839148
2844	0.015001761	1.071840909
2843	0.01512914	1.086970049
2842	0.015256519	1.102226567
2841	0.015383899	1.117610466
2840	0.015511277	1.133121743
2839	0.015638656	1.148760399
2838	0.015766036	1.164526435
2837	0.016186034	1.180712468
2836	0.016313414	1.197025882
2835	0.016440793	1.213466675
2834	0.016861888	1.230328563
2833	0.016989268	1.247317832
2832	0.017116647	1.264434479
2831	0.017244027	1.281678505
2830	0.017371406	1.299049911
2829	0.017498784	1.316548696
2828	0.017626164	1.33417486
2827	0.017753543	1.351928404
2826	0.017880923	1.369809327
2825	0.018306352	1.388115679
2824	0.018433731	1.40654941
2823	0.018561111	1.425110521
2822	0.01868849	1.443799011
2821	0.019114989	1.462913999
2820	0.019242368	1.482156367
2819	0.019369747	1.501526114
2818	0.019795176	1.521321291
2817	0.019922555	1.541243846
2816	0.020347986	1.561591831
2815	0.020475365	1.582067196
2814	0.02089864	1.602965836
2813	0.02102602	1.623991857
2812	0.021153399	1.645145255
2811	0.021280778	1.666426033
2810	0.021408158	1.68783419
2809	0.021535536	1.709369726
2808	0.021662915	1.731032642
2807	0.021790295	1.752822937
2806	0.022213568	1.775036504
2805	0.022635758	1.797672262
2804	0.022763137	1.820435399
2803	0.022890515	1.843325915
2802	0.023310515	1.86663643
2801	0.023735946	1.890372376
2800	0.023863326	1.914235702
2799	0.023990705	1.938226407
2798	0.024118084	1.96234449
2797	0.024245463	1.986589954
2796	0.024372842	2.010962796
2795	0.024500222	2.035463018
2794	0.024627601	2.060090618
2793	0.02475498	2.084845598
2792	0.025176077	2.110021675
2791	0.025604698	2.135626373
2790	0.026026885	2.161653258
2789	0.026458644	2.188111902
2788	0.026881919	2.214993822
2787	0.02730842	2.242302241
2786	0.027435798	2.269738039
2785	0.027563177	2.297301216
2784	0.027690556	2.324991772
2783	0.027817937	2.352809709
2782	0.027945316	2.380755024
2781	0.028369669	2.409124693
2780	0.028497048	2.437621741
2779	0.028624427	2.466246168
2778	0.028751807	2.494997975
2777	0.029183567	2.524181541
2776	0.029310946	2.553492487
2775	0.029739565	2.583232052
2774	0.029866944	2.613098996
2773	0.029994325	2.643093321
2772	0.030719938	2.673813258
2771	0.031145368	2.704958626
2770	0.031575039	2.736533665
2769	0.032000469	2.768534134
2768	0.03212785	2.800661984
2767	0.032555412	2.833217396
2766	0.032987171	2.866204566
2765	0.03311455	2.899319116
2764	0.033241929	2.932561045
2763	0.033369307	2.965930352
2762	0.033798981	2.999729333
2761	0.034223335	3.033952668
2760	0.034651956	3.068604623
2759	0.03537436	3.103978983
2758	0.03580086	3.139779843
2757	0.036536975	3.176316818
2756	0.036664354	3.212981172
2755	0.03738676	3.250367931
2754	0.037813257	3.288181189
2753	0.037940636	3.326121825
2752	0.038068017	3.364189842
2751	0.0393939	3.403583742
2750	0.040123737	3.443707479
2749	0.040555496	3.484262974
2748	0.040986214	3.525249188
2747	0.041710733	3.566959921
2746	0.04244479	3.609404711
2745	0.0431704	3.652575111
2744	0.043596897	3.696172008
2743	0.045549508	3.741721516
2742	0.045971697	3.787693213
2741	0.046994205	3.834687419
2740	0.048034705	3.882722124
2739	0.048460137	3.931182261
2738	0.048894981	3.980077242
2737	0.049022362	4.029099604
2736	0.049149741	4.078249344
2735	0.049576238	4.127825582
2734	0.049998427	4.177824009
2733	0.050424924	4.228248933
2732	0.050552303	4.278801236
2731	0.051273612	4.330074848
2730	0.051986233	4.382061081
2729	0.053015208	4.435076288
2728	0.053439561	4.48851585
2727	0.05356694	4.54208279
2726	0.053694321	4.595777111
2725	0.054431493	4.650208603
2724	0.055445455	4.705654058
2723	0.056173108	4.761827167
2722	0.056601726	4.818428892
2721	0.056729106	4.875157998
2720	0.057160867	4.932318866
2719	0.057594689	4.989913554
2718	0.057722068	5.047635622
2717	0.058153825	5.105789447
2716	0.058281206	5.164070653
2715	0.058408584	5.222479237
2714	0.05944062	5.281919857
2713	0.060469374	5.342389231
2712	0.061820339	5.404209571
2711	0.062841432	5.467051003
2710	0.063882983	5.530933985
2709	0.064010361	5.594944346
2708	0.065934172	5.660878518
2707	0.066353062	5.727231581
2706	0.067667212	5.794898793
2705	0.068394862	5.863293655
2704	0.069442578	5.932736233
2703	0.071072575	6.003808808
2702	0.072109897	6.075918704
2701	0.073444174	6.149362879
2700	0.073866362	6.223229241
2699	0.075523822	6.298753062
2698	0.076553682	6.375306744
2697	0.077580428	6.452887172
2696	0.078900555	6.531787727
2695	0.079918832	6.611706558
2694	0.080953896	6.692660454
2693	0.081081275	6.773741729
2692	0.081506703	6.855248432
2691	0.081939496	6.937187928
2690	0.082984148	7.020172076
2689	0.084311927	7.104484003
2688	0.085655591	7.190139593
2687	0.086683294	7.276822887
2686	0.087114012	7.363936899
2685	0.087840528	7.451777426
2684	0.088274349	7.540051775
2683	0.088401728	7.628453502
2682	0.089118701	7.717572203
2681	0.089549415	7.807121618
2680	0.089983238	7.897104856
2679	0.091015144	7.988119999
2678	0.09235053	8.080470529
2677	0.093077144	8.173547672
2676	0.093806999	8.267354671
2675	0.094820969	8.36217564
2674	0.09553783	8.45771347
2673	0.096255877	8.553969346
2672	0.09727307	8.651242416
2671	0.097995982	8.749238398
2670	0.099008387	8.848246784
2669	0.099726292	8.947973076
2668	0.100759296	9.048732372
2667	0.100886675	9.149619047
2666	0.102215363	9.251834409
2665	0.103549468	9.355383877
2664	0.10516984	9.460553717
2663	0.107412588	9.567966305
2662	0.108128466	9.676094771
2661	0.108868737	9.784963508
2660	0.109896086	9.894859594
2659	0.110625748	10.00548534
2658	0.110753127	10.11623847
2657	0.112363041	10.22860151
2656	0.114275996	10.3428775
2655	0.115589731	10.45846723
2654	0.116925519	10.57539275
2653	0.117345512	10.69273827
2652	0.11837301	10.81111128
2651	0.119095013	10.93020629
2650	0.120124575	11.05033086
2649	0.121476553	11.17180742
2648	0.122214619	11.29402203
2647	0.123249866	11.4172719
2646	0.123377249	11.54064915
2645	0.12381107	11.66446022
2644	0.124228865	11.78868908
2643	0.124648866	11.91333795
2642	0.125081659	12.03841961
2641	0.125209037	12.16362864
2640	0.12563014	12.28925878
2639	0.125757519	12.4150163
2638	0.126456738	12.54147304
2637	0.126584116	12.66805716
2636	0.127295647	12.7953528
2635	0.127423026	12.92277583
2634	0.127837461	13.05061329
2633	0.128270254	13.17888354
2632	0.128997799	13.30788134
2631	0.129431628	13.43731297
2630	0.130164471	13.56747744
2629	0.130877093	13.69835453
2628	0.131304663	13.8296592
2627	0.131720215	13.96137941
2626	0.132728443	14.09410785
2625	0.133156013	14.22726387
2624	0.135362133	14.362626
2623	0.135788638	14.49841464
2622	0.13651529	14.63492993
2621	0.136926319	14.77185625
2620	0.137364201	14.90922045
2619	0.138083835	15.04730428
2618	0.138520711	15.18582499
2617	0.139260981	15.32508597
2616	0.139687479	15.46477345
2615	0.141262733	15.60603618
2614	0.141978588	15.74801477
2613	0.142105967	15.89012074
2612	0.142233346	16.03235408
2611	0.142360725	16.17471481
2610	0.143056524	16.31777133
2609	0.143481962	16.46125329
2608	0.144208331	16.60546162
2607	0.144625009	16.75008663
2606	0.145636167	16.8957228
2605	0.146071021	17.04179382
2604	0.146796957	17.18859078
2603	0.14783429	17.33642507
2602	0.147961669	17.48438674
2601	0.149013486	17.63340022
2600	0.150020749	17.78342097
2599	0.150748138	17.93416911
2598	0.151478	18.08564711
2597	0.151889023	18.23753613
2596	0.152318694	18.38985482
2595	0.152446077	18.5423009
2594	0.152859372	18.69516027
2593	0.15298675	18.84814702
2592	0.154026095	19.00217312
2591	0.155040987	19.1572141
2590	0.155168366	19.31238247
2589	0.155878782	19.46826125
2588	0.156006161	19.62426741
2587	0.15613354	19.78040095
2586	0.156260919	19.93666187
2585	0.157549802	20.09421167
2584	0.158268765	20.25248044
2583	0.159570922	20.41205136
2582	0.159698301	20.57174966
2581	0.16041882	20.73216848
2580	0.160546199	20.89271468
2579	0.160972689	21.05368737
2578	0.16169662	21.21538399
2577	0.162737031	21.37812102
2576	0.16286441	21.54098543
2575	0.163884406	21.70486983
2574	0.164317202	21.86918703
2573	0.164444581	22.03363161
2572	0.16457196	22.19820357
2571	0.165607177	22.36381075
2570	0.16602828	22.52983903
2569	0.166449383	22.69628841
2568	0.167171795	22.86346021
2567	0.167607658	23.03106787
2566	0.168029849	23.19909771
2565	0.168157228	23.36725494
2564	0.168567114	23.53582206
2563	0.168694493	23.70451655
2562	0.168821872	23.87333842
2561	0.16894925	24.04228767
2560	0.170838252	24.21312592
2559	0.170965631	24.38409155
2558	0.171687625	24.55577918
2557	0.171815004	24.72759418
2556	0.171942383	24.89953656
2555	0.172069762	25.07160633
2554	0.172197145	25.24380347
2553	0.173499763	25.41730323
2552	0.173934613	25.59123785
2551	0.174061992	25.76529984
2550	0.17418937	25.93948921
2549	0.174316749	26.11380596
2548	0.174444128	26.28825008
2547	0.174571507	26.46282159
2546	0.175000128	26.63782172
2545	0.176325754	26.81414747
2544	0.176453133	26.9906006
2543	0.176891011	27.16749161
2542	0.17701839	27.34451
2541	0.177145768	27.52165577
2540	0.177883931	27.6995397
2539	0.17858645	27.87812615
2538	0.178713828	28.05683998
2537	0.179123704	28.23596368
2536	0.179251083	28.41521477
2535	0.179378461	28.59459323
2534	0.17950584	28.77409907
2533	0.179633223	28.95373229
2532	0.179760602	29.13349289
2531	0.180199489	29.31369238
2530	0.180903185	29.49459557
2529	0.181030564	29.67562613
2528	0.181458112	29.85708424
2527	0.181585491	30.03866973
2526	0.182008762	30.22067849
2525	0.182136141	30.40281463
2524	0.18226352	30.58507815
2523	0.182698373	30.76777653
2522	0.183133222	30.95090975
2521	0.18355101	31.13446076
2520	0.184258089	31.31871885
2519	0.184385468	31.50310432
2518	0.184512846	31.68761716
2517	0.184932837	31.87255
2516	0.185060237	32.05761024
2515	0.185187587	32.24279782
2514	0.185595174	32.428393
2513	0.185722524	32.61411552
2512	0.185849924	32.79996544
2511	0.185977324	32.98594277
2510	0.186388303	33.17233107
2509	0.186804994	33.35913606
2508	0.187221635	33.5463577
2507	0.187646015	33.73400371
2506	0.188054714	33.92205843
2505	0.188182114	34.11024054
2504	0.188309514	34.29855005
2503	0.18872164	34.48727169
2502	0.189158537	34.67643023
2501	0.189576296	34.86600652
2500	0.189703696	35.05571022
2499	0.189831096	35.24554132
2498	0.189958446	35.43549976
2497	0.190674144	35.6261739
2496	0.190801494	35.8169754
2495	0.190928894	36.00790429
2494	0.191674195	36.19957849
2493	0.191801595	36.39138008
2492	0.192211461	36.58359154
2491	0.192338811	36.77593035
2490	0.192466211	36.96839656
2489	0.192593561	37.16099012
2488	0.193016868	37.35400699
2487	0.193430177	37.54743717
2486	0.193557527	37.7409947
2485	0.193967423	37.93496212
2484	0.194695946	38.12965806
2483	0.194823346	38.32448141
2482	0.195532601	38.52001401
2481	0.195942482	38.71595649
2480	0.196643875	38.91260037
2479	0.196771225	39.10937159
2478	0.197486059	39.30685765
2477	0.197613409	39.50447106
2476	0.197740809	39.70221187
2475	0.198169436	39.9003813
2474	0.198296786	40.09867809
2473	0.198713477	40.29739157
2472	0.198840827	40.49623239
2471	0.19925187	40.69548426
2470	0.19937927	40.89486353
2469	0.200068126	41.09493166
2468	0.200195526	41.29512718
2467	0.200322876	41.49545006
2466	0.200450276	41.69590033
2465	0.200577626	41.89647796
2464	0.201009397	42.09748736
2463	0.201426088	42.29891344
2462	0.2021502	42.50106364
2461	0.202565758	42.7036294
2460	0.20298015	42.90660955
2459	0.20310755	43.1097171
2458	0.20323495	43.31295205
2457	0.2033623	43.51631435
2456	0.2034897	43.71980405
2455	0.20361705	43.9234211
2454	0.20374445	44.12716555
2453	0.2038718	44.33103735
2452	0.2039992	44.53503655
2451	0.2041266	44.73916315
2450	0.20425395	44.9434171
2449	0.20438135	45.14779845
2448	0.205097146	45.35289559
2447	0.205224546	45.55812014
2446	0.205645663	45.7637658
2445	0.205773013	45.96953881
2444	0.205900413	46.17543923
2443	0.206027763	46.38146699
2442	0.206155163	46.58762215
2441	0.206574025	46.79419618
2440	0.206701425	47.0008976
2439	0.207126863	47.20802446
2438	0.207254213	47.41527868
2437	0.207667536	47.62294621
2436	0.207794886	47.8307411
2435	0.208519018	48.03926012
2434	0.209213676	48.24847379
2433	0.209341026	48.45781482
2432	0.209468426	48.66728324
2431	0.209883964	48.87716721
2430	0.210291521	49.08745873
2429	0.210418871	49.2978776
2428	0.211146057	49.50902365
2427	0.211273457	49.72029711
2426	0.211400807	49.93169792
2425	0.211827318	50.14352524
2424	0.211954668	50.3554799
2423	0.212082068	50.56756197
2422	0.212497627	50.7800596
2421	0.212624977	50.99268458
2420	0.213053619	51.2057382
2419	0.213180969	51.41891916
2418	0.213614811	51.63253397
2417	0.213742161	51.84627614
2416	0.213869561	52.0601457
2415	0.213996961	52.27414266
2414	0.214418013	52.48856067
2413	0.214545413	52.70310608
2412	0.214984257	52.91809034
2411	0.215971499	53.13406184
2410	0.216098899	53.35016074
2409	0.216533719	53.56669446
2408	0.216661119	53.78335558
2407	0.216788469	54.00014404
2406	0.216915869	54.21705991
2405	0.217043219	54.43410313
2404	0.217465424	54.65156856
2403	0.217880997	54.86944955
2402	0.218316816	55.08776637
2401	0.218444216	55.30621059
2400	0.218863078	55.52507366
2399	0.218990478	55.74406414
2398	0.219117878	55.96318202
2397	0.219821545	56.18300356
2396	0.220245925	56.40324949
2395	0.220663684	56.62391317
2394	0.22107811	56.84499128
2393	0.22120551	57.06619679
2392	0.22133286	57.28752965
2391	0.22146026	57.50898991
2390	0.22158761	57.73057752
2389	0.222024507	57.95260203
2388	0.222430867	58.17503289
2387	0.222558267	58.39759116
2386	0.222685667	58.62027683
2385	0.222813017	58.84308984
2384	0.222940417	59.06603026
2383	0.22335594	59.2893862
2382	0.22348334	59.51286954
2381	0.223919159	59.7367887
2380	0.22433135	59.96112005
2379	0.22445875	60.1855788
2378	0.2245861	60.4101649
2377	0.2247135	60.6348784
2376	0.225124494	60.86000289
2375	0.225251894	61.08525479
2374	0.225685736	61.31094052
2373	0.2261057	61.53704622
2372	0.226519024	61.76356525
2371	0.226953829	61.99051908
2370	0.227081229	62.2176003
2369	0.227208629	62.44480893
2368	0.22764345	62.67245238
2367	0.22777085	62.90022323
2366	0.228204642	63.12842787
2365	0.228621333	63.35704921
2364	0.228748683	63.58579789
2363	0.229166492	63.81496438
2362	0.229293892	64.04425827
2361	0.229421242	64.27367952
2360	0.229548642	64.50322816
2359	0.229980378	64.73320854
2358	0.230411106	64.96361964
2357	0.230538456	65.1941581
2356	0.23095178	65.42510988
2355	0.23107918	65.65618906
2354	0.23120653	65.88739559
2353	0.23133393	66.11872952
2352	0.23146128	66.3501908
2351	0.23158868	66.58177948
2350	0.232016264	66.81379574
2349	0.232143614	67.04593935
2348	0.232566906	67.27850626
2347	0.232694256	67.51120051
2346	0.232821656	67.74402217
2345	0.232949056	67.97697122
2344	0.233076406	68.21004763
2343	0.233203806	68.44325144
2342	0.233331156	68.67658259
2341	0.233458556	68.91004115
2340	0.233585956	69.1436271
2339	0.233713306	69.37734041
2338	0.233840706	69.61118111
2337	0.233968056	69.84514917
2336	0.234386982	70.07953615
2335	0.234514332	70.31405048
2334	0.234933229	70.54898371
2333	0.235060579	70.78404429
2332	0.235492365	71.01953665
2331	0.23678809	71.25632474
2330	0.237215624	71.49354037
2329	0.237343024	71.73088339
2328	0.237470374	71.96835377
2327	0.237597774	72.20595154
2326	0.237725174	72.44367671
2325	0.237852524	72.68152924
2324	0.237979924	72.91950916
2323	0.238107274	73.15761644
2322	0.238234674	73.39585111
2321	0.238667488	73.6345186
2320	0.238794838	73.87331344
2319	0.238922238	74.11223567
2318	0.239049588	74.35128526
2317	0.239176988	74.59046225
2316	0.239591444	74.83005369
2315	0.239718794	75.06977249
2314	0.239846194	75.30961868
2313	0.239973544	75.54959223
2312	0.240100944	75.78969317
2311	0.240526332	76.0302195
2310	0.240653732	76.27087323
2309	0.240781132	76.51165437
2308	0.242089563	76.75374393
2307	0.242216963	76.99596089
2306	0.242648699	77.23860959
2305	0.242776099	77.48138569
2304	0.242903449	77.72428914
2303	0.243030849	77.96731999
2302	0.243158249	78.21047824
2301	0.243587899	78.45406614
2300	0.243715299	78.69778143
2299	0.244129705	78.94191114
2298	0.244257105	79.18616824
2297	0.244677119	79.43084536
2296	0.244804469	79.67564983
2295	0.244931869	79.9205817
2294	0.245059219	80.16564092
2293	0.245186619	80.41082754
2292	0.245314019	80.65614156
2291	0.245441369	80.90158293
2290	0.245568769	81.1471517
2289	0.245696119	81.39284782
2288	0.245823519	81.63867133
2287	0.245950869	81.8846222
2286	0.246358456	82.13098066
2285	0.246485856	82.37746651
2284	0.246613206	82.62407972
2283	0.246740606	82.87082033
2282	0.246867956	83.11768828
2281	0.246995356	83.36468364
2280	0.247122756	83.61180639
2279	0.247250106	83.8590565
2278	0.247377506	84.106434
2277	0.247504856	84.35393886
2276	0.247632256	84.60157111
2275	0.247759606	84.84933072
2274	0.247887006	85.09721773
2273	0.248303697	85.34552142
2272	0.248431047	85.59395247
2271	0.248558447	85.84251092
2270	0.248970588	86.0914815
2269	0.249097988	86.34057949
2268	0.249507884	86.59008738
2267	0.249635234	86.83972261
2266	0.249762634	87.08948524
2265	0.250170171	87.33965541
2264	0.250297571	87.58995299
2263	0.251013278	87.84096626
2262	0.251140678	88.09210694
2261	0.251572449	88.34367939
2260	0.251699799	88.59537919
2259	0.251827199	88.84720639
2258	0.251954549	89.09916094
2257	0.252081949	89.35124289
2256	0.252209349	89.60345224
2255	0.252336699	89.85578893
2254	0.252464099	90.10825303
2253	0.252591449	90.36084448
2252	0.252718849	90.61356333
2251	0.253150585	90.86671392
2250	0.253582371	91.12029629
2249	0.253640921	91.37393721
2248	0.253699471	91.62763668
2247	0.253758021	91.8813947
2246	0.253816571	92.13521127
2245	0.253875071	92.38908634
2244	0.253933621	92.64301996
2243	0.253992171	92.89701213
2242	0.254344438	93.15135657
2241	0.254402988	93.40575956
2240	0.254756343	93.6605159
2239	0.254814893	93.9153308
2238	0.255160499	94.17049129
2237	0.255218999	94.42571029
2236	0.255277549	94.68098784
2235	0.255924382	94.93691222
2234	0.255982932	95.19289515
2233	0.256041482	95.44893664
2232	0.256100032	95.70503667
2231	0.256158582	95.96119525
2230	0.256217132	96.21741238
2229	0.256275632	96.47368801
2228	0.256334182	96.73002219
2227	0.256688624	96.98671082
2226	0.257048431	97.24375925
2225	0.257106981	97.50086623
2224	0.257476026	97.75834225
2223	0.257534576	98.01587683
2222	0.257593126	98.27346996
2221	0.257651676	98.53112163
2220	0.258010345	98.78913198
2219	0.258068895	99.04720087
2218	0.258127445	99.30532832
2217	0.258475286	99.5638036
2216	0.258533836	99.82233744
2215	0.258592386	100.0809298
2214	0.258650936	100.3395808
2213	0.259006467	100.5985872
2212	0.259348595	100.8579358
2211	0.259407145	101.117343
2210	0.259465695	101.3768087
2209	0.259524245	101.6363329
2208	0.259582795	101.8959157
2207	0.259641345	102.155557
2206	0.260004281	102.4155613
2205	0.260062831	102.6756242
2204	0.260432875	102.936057
2203	0.261069913	103.1971269
2202	0.261740081	103.458867
2201	0.261798631	103.7206657
2200	0.262144222	103.9828099
2199	0.262202772	104.2450127
2198	0.262261322	104.507274
2197	0.262319872	104.7695938
2196	0.262679679	105.0322735
2195	0.262738179	105.2950117
2194	0.263095855	105.5581076
2193	0.263154405	105.821262
2192	0.263212955	106.0844749
2191	0.263271505	106.3477464
2190	0.263330055	106.6110765
2189	0.263388605	106.8744651
2188	0.263447155	107.1379122
2187	0.263505655	107.4014179
2186	0.263564205	107.6649821
2185	0.263622755	107.9286048
2184	0.263681305	108.1922862
2183	0.263739855	108.456026
2182	0.264099632	108.7201256
2181	0.264158182	108.9842838
2180	0.264216732	109.2485005
2179	0.264275282	109.5127758
2178	0.264333782	109.7771096
2177	0.264392332	110.0415019
2176	0.264450882	110.3059528
2175	0.264509432	110.5704623
2174	0.264567982	110.8350302
2173	0.264914705	111.0999449
2172	0.264973255	111.3649182
2171	0.26564469	111.6305629
2170	0.26570319	111.8962661
2169	0.26605872	112.1623248
2168	0.26611727	112.4284421
2167	0.26617582	112.6946179
2166	0.26623437	112.9608523
2165	0.266585534	113.2274378
2164	0.266644084	113.4940819
2163	0.266702634	113.7607845
2162	0.267053748	114.0278383
2161	0.267112298	114.2949506
2160	0.267170848	114.5621214
2159	0.267229398	114.8293508
2158	0.267287948	115.0966387
2157	0.267346498	115.3639852
2156	0.267405048	115.6313903
2155	0.267463598	115.8988539
2154	0.26813481	116.1669887
2153	0.26819331	116.435182
2152	0.26825186	116.7034339
2151	0.268902209	116.9723361
2150	0.268960759	117.2412968
2149	0.269019309	117.5103161
2148	0.269077859	117.779394
2147	0.269136409	118.0485304
2146	0.269194959	118.3177254
2145	0.269253459	118.5869788
2144	0.269312009	118.8562908
2143	0.269370559	119.1256614
2142	0.269429109	119.3950905
2141	0.269487659	119.6645782
2140	0.269546209	119.9341244
2139	0.269904928	120.2040293
2138	0.269963478	120.4739928
2137	0.270330497	120.7443233
2136	0.270388997	121.0147123
2135	0.270447547	121.2851598
2134	0.270506097	121.5556659
2133	0.270564647	121.8262306
2132	0.270623197	122.0968538
2131	0.270681747	122.3675355
2130	0.270740297	122.6382758
2129	0.270798847	122.9090747
2128	0.270857347	123.179932
2127	0.270915897	123.4508479
2126	0.271275704	123.7221236
2125	0.271334254	123.9934579
2124	0.271392804	124.2648507
2123	0.271451354	124.536302
2122	0.271509904	124.8078119
2121	0.271568454	125.0793804
2120	0.271626954	125.3510073
2119	0.271685504	125.6226928
2118	0.271744054	125.8944369
2117	0.271802604	126.1662395
2116	0.272158134	126.4383976
2115	0.272216684	126.7106143
2114	0.272554258	126.9831686
2113	0.272612808	127.2557814
2112	0.272961752	127.5287431
2111	0.273020252	127.8017634
2110	0.273078802	128.0748422
2109	0.273424408	128.3482666
2108	0.273482958	128.6217495
2107	0.273541508	128.8952911
2106	0.273600058	129.1688911
2105	0.273658608	129.4425497
2104	0.273717158	129.7162669
2103	0.274654216	129.9909211
2102	0.274712766	130.2656339
2101	0.275062842	130.5406967
2100	0.275421561	130.8161183
2099	0.275780295	131.0918986
2098	0.275838845	131.3677374
2097	0.275897395	131.6436348
2096	0.275955945	131.9195907
2095	0.276314614	132.1959054
2094	0.276373164	132.4722785
2093	0.276431714	132.7487102
2092	0.276490264	133.0252005
2091	0.276548814	133.3017493
2090	0.276607364	133.5783567
2089	0.276665914	133.8550226
2088	0.276724464	134.131747
2087	0.276783014	134.4085301
2086	0.276841514	134.6853716
2085	0.27719159	134.9625632
2084	0.27725014	135.2398133
2083	0.27730869	135.517122
2082	0.27736724	135.7944892
2081	0.277719507	136.0722087
2080	0.277778057	136.3499868
2079	0.277836607	136.6278234
2078	0.278190999	136.9060144
2077	0.278249549	137.1842639
2076	0.278308099	137.462572
2075	0.278366649	137.7409387
2074	0.278425199	138.0193639
2073	0.278483749	138.2978476
2072	0.278848742	138.5766964
2071	0.278907292	138.8556037
2070	0.279273262	139.1348769
2069	0.279627705	139.4145046
2068	0.279686255	139.6941909
2067	0.280028448	139.9742193
2066	0.280086998	140.2543063
2065	0.280145548	140.5344519
2064	0.280204098	140.814656
2063	0.280262648	141.0949186
2062	0.280321198	141.3752398
2061	0.280379698	141.6556195
2060	0.280724157	141.9363437
2059	0.280782707	142.2171264
2058	0.280841257	142.4979677
2057	0.28178282	142.7797505
2056	0.28184137	143.0615918
2055	0.28189992	143.3434918
2054	0.28195847	143.6254502
2053	0.28201697	143.9074672
2052	0.28207552	144.1895427
2051	0.28213407	144.4716768
2050	0.28219262	144.7538694
2049	0.28225117	145.0361206
2048	0.282602349	145.3187229
2047	0.282660899	145.6013838
2046	0.282719449	145.8841033
2045	0.282777949	146.1668812
2044	0.283132391	146.4500136
2043	0.283783769	146.7337974
2042	0.284134948	147.0179323
2041	0.284193498	147.3021258
2040	0.284252048	147.5863779
2039	0.284310598	147.8706885
2038	0.284369148	148.1550576
2037	0.284427648	148.4394853
2036	0.284795695	148.724281
2035	0.285457355	149.0097383
2034	0.285515905	149.2952542
2033	0.285574455	149.5808287
2032	0.285913176	149.8667419
2031	0.28625765	150.1529995
2030	0.286608799	150.4396083
2029	0.286667349	150.7262756
2028	0.286725849	151.0130015
2027	0.286784399	151.2997859
2026	0.286842949	151.5866288
2025	0.286901499	151.8735303
2024	0.286960049	152.1604904
2023	0.287304522	152.4477949
2022	0.287363072	152.735158
2021	0.287421622	153.0225796
2020	0.287480122	153.3100597
2019	0.287538672	153.5975984
2018	0.287597222	153.8851956
2017	0.287655772	154.1728514
2016	0.287714322	154.4605657
2015	0.287772872	154.7483386
2014	0.287831422	155.03617
2013	0.287889972	155.32406
2012	0.288249714	155.6123097
2011	0.288308264	155.900618
2010	0.288366814	156.1889848
2009	0.288719066	156.4777038
2008	0.288777616	156.7664815
2007	0.288836166	157.0553176
2006	0.289186243	157.3445039
2005	0.289244793	157.6337487
2004	0.289303343	157.923052
2003	0.289361843	158.2124138
2002	0.289420393	158.5018342
2001	0.289478943	158.7913132
2000	0.289837662	159.0811508
1999	0.289896212	159.3710471
1998	0.290267254	159.6613143
1997	0.290325804	159.9516401
1996	0.290384354	160.2420245
1995	0.290442854	160.5324673
1994	0.290501404	160.8229687
1993	0.290559954	161.1135287
1992	0.290618504	161.4041472
1991	0.290677054	161.6948242
1990	0.290735604	161.9855598
1989	0.291396623	162.2769565
1988	0.291455173	162.5684116
1987	0.291513673	162.8599253
1986	0.291572223	163.1514975
1985	0.292234776	163.4437323
1984	0.292293326	163.7360256
1983	0.292351876	164.0283775
1982	0.292410426	164.3207879
1981	0.292468976	164.6132569
1980	0.292527526	164.9057844
1979	0.292586026	165.1983705
1978	0.29293047	165.4913009
1977	0.29298902	165.7842899
1976	0.29304757	166.0773375
1975	0.29310612	166.3704436
1974	0.293463796	166.6639074
1973	0.293823588	166.957731
1972	0.293882138	167.2516132
1971	0.29452456	167.5461377
1970	0.294894554	167.8410323
1969	0.295247893	168.1362802
1968	0.295306443	168.4315866
1967	0.295674491	168.7272611
1966	0.296034282	169.0232954
1965	0.296681264	169.3199766
1964	0.296739814	169.6167165
1963	0.296798364	169.9135148
1962	0.296856864	170.2103717
1961	0.296915414	170.5072871
1960	0.296973964	170.8042611
1959	0.297032514	171.1012936
1958	0.297091064	171.3983846
1957	0.297149614	171.6955343
1956	0.297208164	171.9927424
1955	0.297561504	172.2903039
1954	0.297620004	172.5879239
1953	0.297678554	172.8856025
1952	0.298028616	173.1836311
1951	0.298380882	173.482012
1950	0.298439432	173.7804514
1949	0.298497982	174.0789494
1948	0.298556532	174.3775059
1947	0.298615082	174.676121
1946	0.298673632	174.9747946
1945	0.298732132	175.2735268
1944	0.298790682	175.5723174
1943	0.299132846	175.8714503
1942	0.299191396	176.1706417
1941	0.299249946	176.4698916
1940	0.299308496	176.7692001
1939	0.299367046	177.0685672
1938	0.299425596	177.3679928
1937	0.30008436	177.6680771
1936	0.30014291	177.96822
1935	0.30020146	178.2684215
1934	0.30115627	178.5695778
1933	0.30121482	178.8707926
1932	0.30127337	179.172066
1931	0.301924658	179.4739906
1930	0.301983208	179.7759738
1929	0.302041708	180.0780155
1928	0.302100258	180.3801158
1927	0.302158808	180.6822746
1926	0.302516484	180.9847911
1925	0.302575034	181.2873661
1924	0.302633584	181.5899997
1923	0.302692134	181.8926918
1922	0.303050853	182.1957427
1921	0.303109353	182.498852
1920	0.304004931	182.802857
1919	0.304063481	183.1069205
1918	0.304122031	183.4110425
1917	0.304180581	183.7152231
1916	0.304239131	184.0194622
1915	0.304607163	184.3240694
1914	0.304665713	184.6287351
1913	0.304724263	184.9334593
1912	0.305081874	185.2385412
1911	0.305140424	185.5436816
1910	0.305198974	185.8488806
1909	0.305257524	186.1541381
1908	0.305316074	186.4594542
1907	0.305374624	186.7648288
1906	0.305745667	187.0705745
1905	0.305804217	187.3763787
1904	0.305862717	187.6822414
1903	0.305921267	187.9881627
1902	0.305979817	188.2941425
1901	0.306038367	188.6001809
1900	0.306096917	188.9062778
1899	0.306155467	189.2124333
1898	0.306505543	189.5189388
1897	0.306564093	189.8255029
1896	0.306622593	190.1321255
1895	0.306681143	190.4388066
1894	0.306739693	190.7455463
1893	0.306798243	191.0523446
1892	0.306856793	191.3592014
1891	0.306915343	191.6661167
1890	0.307272989	191.9733897
1889	0.307331539	192.2807212
1888	0.307390089	192.5881113
1887	0.307448589	192.8955599
1886	0.307507139	193.203067
1885	0.307870075	193.5109371
1884	0.307928625	193.8188657
1883	0.307987175	194.1268529
1882	0.308045725	194.4348986
1881	0.308104275	194.7430029
1880	0.308162825	195.0511657
1879	0.308221325	195.3593871
1878	0.308279875	195.6676669
1877	0.308338425	195.9760054
1876	0.308396975	196.2844023
1875	0.308455525	196.5928579
1874	0.308795409	196.9016533
1873	0.308853959	197.2105072
1872	0.308912509	197.5194197
1871	0.308971009	197.8283908
1870	0.309631655	198.1380224
1869	0.309690205	198.4477126
1868	0.310061247	198.7577739
1867	0.310119797	199.0678937
1866	0.310178347	199.378072
1865	0.310236897	199.6883089
1864	0.310295447	199.9986043
1863	0.310353947	200.3089583
1862	0.310412497	200.6193708
1861	0.310764764	200.9301356
1860	0.311117016	201.2412526
1859	0.311474662	201.5527272
1858	0.311533212	201.8642604
1857	0.311591762	202.1758522
1856	0.311650312	202.4875025
1855	0.311708862	202.7992114
1854	0.311767362	203.1109787
1853	0.311825912	203.4228047
1852	0.311884462	203.7346891
1851	0.311943012	204.0466321
1850	0.312001562	204.3586337
1849	0.312352741	204.6709864
1848	0.312411291	204.9833977
1847	0.312763528	205.2961612
1846	0.312822028	205.6089833
1845	0.312880578	205.9218639
1844	0.312939128	206.234803
1843	0.312997678	206.5478007
1842	0.313056228	206.8608569
1841	0.313411743	207.1742686
1840	0.313470293	207.4877389
1839	0.313528843	207.8012678
1838	0.313587393	208.1148552
1837	0.313645893	208.4285011
1836	0.313704443	208.7422055
1835	0.313762993	209.0559685
1834	0.314126958	209.3700954
1833	0.314185508	209.684281
1832	0.314552542	209.9988335
1831	0.314611092	210.3134446
1830	0.314981135	210.6284257
1829	0.315039635	210.9434654
1828	0.315396224	211.2588616
1827	0.315454774	211.5743164
1826	0.315513324	211.8898297
1825	0.315571874	212.2054016
1824	0.315630424	212.521032
1823	0.315688974	212.8367209
1822	0.315747524	213.1524685
1821	0.315806024	213.4682745
1820	0.315864574	213.7841391
1819	0.315923124	214.1000622
1818	0.315981674	214.4160439
1817	0.316040224	214.7320841
1816	0.316098774	215.0481829
1815	0.31645104	215.3646339
1814	0.31650959	215.6811435
1813	0.31656814	215.9977116
1812	0.316920342	216.314632
1811	0.316978892	216.6316109
1810	0.317037442	216.9486483
1809	0.317095992	217.2657443
1808	0.317463011	217.5832073
1807	0.317521561	217.9007289
1806	0.317580111	218.218309
1805	0.317932363	218.5362413
1804	0.317990863	218.8542322
1803	0.318049413	219.1722816
1802	0.318107963	219.4903896
1801	0.318166513	219.8085561
1800	0.318225063	220.1267812
1799	0.318283613	220.4450648
1798	0.318342163	220.7634069
1797	0.318400713	221.0818077
1796	0.318459213	221.4002669
1795	0.318517763	221.7187846
1794	0.318576313	222.0373609
1793	0.318634863	222.3559958
1792	0.318693413	222.6746892
1791	0.318751963	222.9934412
1790	0.318810513	223.3122517
1789	0.318869063	223.6311208
1788	0.318927613	223.9500484
1787	0.318986113	224.2690345
1786	0.319044663	224.5880791
1785	0.319404455	224.9074836
1784	0.319463005	225.2269466
1783	0.319833049	225.5467797
1782	0.319891599	225.8666713
1781	0.319950149	226.1866214
1780	0.320008699	226.5066301
1779	0.320067199	226.8266973
1778	0.320707624	227.1474049
1777	0.320766174	227.4681711
1776	0.32113522	227.7893063
1775	0.32119377	228.1105001
1774	0.321553547	228.4320536
1773	0.321612097	228.7536657
1772	0.321670647	229.0753364
1771	0.321729197	229.3970656
1770	0.322072473	229.719138
1769	0.322131023	230.0412691
1768	0.322189573	230.3634586
1767	0.322248123	230.6857068
1766	0.322306673	231.0080134
1765	0.322949184	231.3309626
1764	0.323007734	231.6539703
1763	0.323066284	231.9770366
1762	0.323124784	232.3001614
1761	0.323473713	232.6236351
1760	0.323835606	232.9474707
1759	0.323894156	233.2713649
1758	0.323952706	233.5953176
1757	0.324314584	233.9196322
1756	0.324373134	234.2440053
1755	0.324431684	234.568437
1754	0.324790353	234.8932274
1753	0.325439421	235.2186668
1752	0.325497971	235.5441647
1751	0.325556521	235.8697213
1750	0.325615071	236.1953363
1749	0.325668821	236.5210052
1748	0.325722621	236.8467278
1747	0.325776371	237.1725042
1746	0.325830121	237.4983343
1745	0.325883921	237.8242182
1744	0.325937671	238.1501559
1743	0.325991421	238.4761473
1742	0.326045221	238.8021925
1741	0.326400198	239.1285927
1740	0.326453948	239.4550467
1739	0.326507748	239.7815544
1738	0.326561498	240.1081159
1737	0.326615248	240.4347311
1736	0.326668998	240.7614001
1735	0.326722798	241.0881229
1734	0.326776548	241.4148995
1733	0.326830348	241.7417298
1732	0.326884098	242.0686139
1731	0.326937848	242.3955518
1730	0.326991648	242.7225434
1729	0.32734664	243.0498901
1728	0.327692989	243.3775831
1727	0.327746739	243.7053298
1726	0.327800539	244.0331303
1725	0.328136786	244.3612671
1724	0.328190536	244.6894577
1723	0.328529112	245.0179868
1722	0.328582862	245.3465696
1721	0.328636612	245.6752062
1720	0.328690412	246.0038967
1719	0.328744162	246.3326408
1718	0.328797912	246.6614387
1717	0.328851712	246.9902904
1716	0.329199179	247.3194896
1715	0.329252929	247.6487425
1714	0.329877234	247.9786198
1713	0.330225774	248.3088456
1712	0.330279524	248.6391251
1711	0.330333324	248.9694584
1710	0.330387074	249.2998455
1709	0.330440824	249.6302863
1708	0.330494624	249.9607809
1707	0.330548374	250.2913293
1706	0.330602124	250.6219314
1705	0.330655924	250.9525873
1704	0.330709674	251.283297
1703	0.330763424	251.6140604
1702	0.33110875	251.9451692
1701	0.3311625	252.2763317
1700	0.33121625	252.6075479
1699	0.33127005	252.938818
1698	0.3313238	253.2701418
1697	0.33137755	253.6015193
1696	0.331734678	253.933254
1695	0.331788428	254.2650425
1694	0.331842178	254.5968846
1693	0.331895978	254.9287806
1692	0.331949728	255.2607303
1691	0.332298283	255.5930286
1690	0.332352033	255.9253807
1689	0.332405833	256.2577865
1688	0.332739755	256.5905262
1687	0.333088309	256.9236145
1686	0.333142109	257.2567567
1685	0.333195859	257.5899525
1684	0.333249609	257.9232021
1683	0.333303409	258.2565055
1682	0.333357159	258.5898627
1681	0.333706787	258.9235695
1680	0.333760587	259.2573301
1679	0.333814337	259.5911444
1678	0.333868087	259.9250125
1677	0.333921887	260.2589344
1676	0.333975637	260.59291
1675	0.334029387	260.9269394
1674	0.334083187	261.2610226
1673	0.334428433	261.595451
1672	0.334482183	261.9299332
1671	0.334535983	262.2644692
1670	0.334589733	262.5990589
1669	0.334643483	262.9337024
1668	0.335005767	263.2687082
1667	0.335059517	263.6037677
1666	0.335706527	263.9394742
1665	0.335760327	264.2752345
1664	0.336108882	264.6113434
1663	0.336162632	264.947506
1662	0.336216432	265.2837225
1661	0.336270182	265.6199927
1660	0.336606413	265.9565991
1659	0.3372645	266.2938636
1658	0.33731825	266.6311818
1657	0.337372	266.9685538
1656	0.3374258	267.3059796
1655	0.337777588	267.6437572
1654	0.338128318	267.9818855
1653	0.338182068	268.3200676
1652	0.338235868	268.6583035
1651	0.338289618	268.9965931
1650	0.338343418	269.3349365
1649	0.338397168	269.6733337
1648	0.338450918	270.0117846
1647	0.338504718	270.3502893
1646	0.338558468	270.6888478
1645	0.338612218	271.02746
1644	0.338665968	271.366126
1643	0.338719768	271.7048457
1642	0.338773518	272.0436192
1641	0.338827268	272.3824465
1640	0.338881068	272.7213276
1639	0.339238146	273.0605657
1638	0.339291896	273.3998576
1637	0.339345696	273.7392033
1636	0.339399446	274.0786028
1635	0.339453196	274.4180559
1634	0.339506996	274.7575629
1633	0.33987224	275.0974352
1632	0.33992599	275.4373612
1631	0.33997979	275.777341
1630	0.34003354	276.1173745
1629	0.34008729	276.4574618
1628	0.34014109	276.7976029
1627	0.34019484	277.1377977
1626	0.34024859	277.4780463
1625	0.34030239	277.8183487
1624	0.34035614	278.1587048
1623	0.341315702	278.5000205
1622	0.341369502	278.84139
1621	0.34172129	279.1831113
1620	0.34177504	279.5248864
1619	0.34182884	279.8667152
1618	0.34188259	280.2085978
1617	0.342237582	280.5508354
1616	0.342291382	280.8931268
1615	0.342345132	281.2354719
1614	0.342398882	281.5778708
1613	0.342452682	281.9203235
1612	0.342506432	282.2628299
1611	0.342850561	282.6056805
1610	0.342904361	282.9485848
1609	0.342958111	283.2915429
1608	0.343011861	283.6345548
1607	0.343065611	283.9776204
1606	0.343119411	284.3207398
1605	0.343173161	284.663913
1604	0.343521715	285.0074347
1603	0.343575515	285.3510102
1602	0.343629265	285.6946395
1601	0.343683065	286.0383225
1600	0.344632718	286.3829552
1599	0.344977979	286.7279332
1598	0.345031729	287.0729649
1597	0.345085529	287.4180505
1596	0.345435156	287.7634856
1595	0.345488906	288.1089745
1594	0.345839687	288.4548142
1593	0.345893437	288.8007077
1592	0.345947187	289.1466548
1591	0.346000987	289.4926558
1590	0.346341763	289.8389976
1589	0.346395513	290.1853931
1588	0.346449313	290.5318424
1587	0.346786706	290.8786291
1586	0.346840456	291.2254696
1585	0.346894256	291.5723638
1584	0.346948006	291.9193118
1583	0.347001756	292.2663136
1582	0.347055556	292.6133692
1581	0.347390625	292.9607598
1580	0.347444375	293.3082042
1579	0.347498175	293.6557023
1578	0.347551925	294.0032543
1577	0.347605675	294.3508599
1576	0.347659475	294.6985194
1575	0.347713225	295.0462326
1574	0.34806178	295.3942944
1573	0.34811558	295.74241
1572	0.34816933	296.0905793
1571	0.34822308	296.4388024
1570	0.34827683	296.7870792
1569	0.34833063	297.1354099
1568	0.34838438	297.4837942
1567	0.34843818	297.8322324
1566	0.34849193	298.1807243
1565	0.348840499	298.5295648
1564	0.348894299	298.8784591
1563	0.348948049	299.2274072
1562	0.349001799	299.576409
1561	0.349055549	299.9254645
1560	0.349109349	300.2745739
1559	0.349163099	300.623737
1558	0.349216849	300.9729538
1557	0.349270649	301.3222245
1556	0.349324399	301.6715489
1555	0.349668558	302.0212174
1554	0.350326928	302.3715444
1553	0.350380678	302.7219251
1552	0.350736713	303.0726618
1551	0.350790513	303.4234523
1550	0.350844263	303.7742965
1549	0.350898013	304.1251946
1548	0.350951813	304.4761464
1547	0.351005563	304.8271519
1546	0.351059313	305.1782112
1545	0.351113113	305.5293244
1544	0.351166863	305.8804912
1543	0.351826137	306.2323174
1542	0.351879937	306.5841973
1541	0.351933687	306.936131
1540	0.352269933	307.2884009
1539	0.352323733	307.6407246
1538	0.352377483	307.9931021
1537	0.352722774	308.3458249
1536	0.352776574	308.6986015
1535	0.353120733	309.0517222
1534	0.353174483	309.4048967
1533	0.353228233	309.7581249
1532	0.353282033	310.111407
1531	0.353638068	310.465045
1530	0.353691868	310.8187369
1529	0.354043671	311.1727806
1528	0.354097421	311.526878
1527	0.354151221	311.8810292
1526	0.354500878	312.2355301
1525	0.354554628	312.5900847
1524	0.354905358	312.9449901
1523	0.354959158	313.2999492
1522	0.355012908	313.6549621
1521	0.355362615	314.0103247
1520	0.355416365	314.3657411
1519	0.355470115	314.7212112
1518	0.355523865	315.0767351
1517	0.355577665	315.4323128
1516	0.355631415	315.7879442
1515	0.355685165	316.1436293
1514	0.356051458	316.4996808
1513	0.356402188	316.856083
1512	0.356455938	317.2125389
1511	0.356509738	317.5690487
1510	0.356863672	317.9259123
1509	0.357217606	318.2831299
1508	0.357870298	318.6410002
1507	0.357924048	318.9989243
1506	0.358578136	319.3575024
1505	0.358631936	319.7161344
1504	0.358685686	320.07482
1503	0.358739436	320.4335595
1502	0.358793236	320.7923527
1501	0.358846986	321.1511997
1500	0.358900736	321.5101004
1499	0.358954536	321.869055
1498	0.359309528	322.2283645
1497	0.359363278	322.5877278
1496	0.359417078	322.9471449
1495	0.359470828	323.3066157
1494	0.360104054	323.6667197
1493	0.360451586	324.0271713
1492	0.360505336	324.3876767
1491	0.360559086	324.7482357
1490	0.360612886	325.1088486
1489	0.360951427	325.4698001
1488	0.361005177	325.8308052
1487	0.361058927	326.1918642
1486	0.361112727	326.5529769
1485	0.362347275	326.9153242
1484	0.362401075	327.2777252
1483	0.362454825	327.6401801
1482	0.362508575	328.0026886
1481	0.362562325	328.365251
1480	0.362616125	328.7278671
1479	0.362669875	329.090537
1478	0.362723625	329.4532606
1477	0.362777425	329.816038
1476	0.362831175	330.1788692
1475	0.363503939	330.5423731
1474	0.363859974	330.9062331
1473	0.364217067	331.2704502
1472	0.364270817	331.634721
1471	0.364324617	331.9990456
1470	0.364378367	332.363424
1469	0.364432117	332.7278561
1468	0.364485917	333.092342
1467	0.364827841	333.4571698
1466	0.364881591	333.8220514
1465	0.364935391	334.1869868
1464	0.364989141	334.551976
1463	0.365646418	334.9176224
1462	0.365700218	335.2833226
1461	0.365753968	335.6490766
1460	0.365807718	336.0148843
1459	0.365861518	336.3807458
1458	0.365915268	336.7466611
1457	0.365969018	337.1126301
1456	0.366022818	337.4786529
1455	0.366076568	337.8447295
1454	0.366130318	338.2108598
1453	0.366184118	338.5770439
1452	0.366237868	338.9432818
1451	0.366895517	339.3101773
1450	0.367245159	339.6774224
1449	0.367298959	340.0447214
1448	0.367644236	340.4123656
1447	0.367698036	340.7800637
1446	0.367751786	341.1478155
1445	0.367805536	341.515621
1444	0.367859336	341.8834803
1443	0.367913086	342.2513934
1442	0.367966836	342.6193603
1441	0.368020586	342.9873808
1440	0.368074386	343.3554552
1439	0.368425116	343.7238803
1438	0.368478916	344.0923593
1437	0.368532666	344.4608919
1436	0.368586416	344.8294783
1435	0.368640166	345.1981185
1434	0.368693966	345.5668125
1433	0.368747716	345.9355602
1432	0.368801466	346.3043616
1431	0.368855266	346.6732169
1430	0.368909016	347.0421259
1429	0.368962766	347.4110887
1428	0.369016566	347.7801053
1427	0.369070316	348.1491756
1426	0.369124066	348.5182996
1425	0.369177866	348.8874775
1424	0.369231616	349.2567091
1423	0.369285366	349.6259945
1422	0.369339166	349.9953337
1421	0.369392916	350.3647266
1420	0.369446666	350.7341732
1419	0.369789772	351.103963
1418	0.369843522	351.4738065
1417	0.371104311	351.8449108
1416	0.371158111	352.2160689
1415	0.371211861	352.5872808
1414	0.371265611	352.9585464
1413	0.371319411	353.3298658
1412	0.371373161	353.701239
1411	0.371426911	354.0726659
1410	0.371480711	354.4441466
1409	0.371534461	354.8156811
1408	0.371588211	355.1872693
1407	0.371642011	355.5589113
1406	0.371695761	355.9306071
1405	0.371749511	356.3023566
1404	0.371803261	356.6741598
1403	0.371857061	357.0460169
1402	0.371910811	357.4179277
1401	0.371964611	357.7898923
1400	0.372319588	358.1622119
1399	0.372373338	358.5345852
1398	0.372427088	358.9070123
1397	0.372480888	359.2794932
1396	0.372534638	359.6520278
1395	0.372886441	360.0249143
1394	0.37323506	360.3981493
1393	0.373587951	360.7717373
1392	0.373954243	361.1456915
1391	0.374007993	361.5196995
1390	0.374061743	361.8937613
1389	0.374410313	362.2681716
1388	0.374464113	362.6426357
1387	0.374517863	363.0171536
1386	0.374855241	363.3920088
1385	0.374909041	363.7669178
1384	0.374962791	364.1418806
1383	0.375324012	364.5172046
1382	0.375377812	364.8925825
1381	0.375431562	365.268014
1380	0.375485312	365.6434993
1379	0.375539112	366.0190384
1378	0.375592862	366.3946313
1377	0.375646612	366.7702779
1376	0.375700412	367.1459783
1375	0.375754162	367.5217325
1374	0.375807912	367.8975404
1373	0.376154341	368.2736947
1372	0.3764985	368.6501932
1371	0.37655225	369.0267455
1370	0.376903045	369.4036485
1369	0.377269287	369.7809178
1368	0.377323037	370.1582409
1367	0.377376787	370.5356176
1366	0.377430587	370.9130482
1365	0.377484337	371.2905326
1364	0.377538137	371.6680707
1363	0.377591887	372.0456626
1362	0.377645637	372.4233082
1361	0.377699437	372.8010077
1360	0.378659535	373.1796672
1359	0.378713285	373.5583805
1358	0.378767035	373.9371475
1357	0.379131316	374.3162788
1356	0.379492536	374.6957714
1355	0.379546336	375.0753177
1354	0.379600086	375.4549178
1353	0.379653836	375.8345716
1352	0.379707586	376.2142792
1351	0.379761386	376.5940406
1350	0.379815136	376.9738557
1349	0.379868886	377.3537246
1348	0.379922686	377.7336473
1347	0.379976436	378.1136237
1346	0.380030186	378.4936539
1345	0.380373292	378.8740272
1344	0.380427042	379.2544543
1343	0.380480792	379.6349351
1342	0.380534592	380.0154696
1341	0.380588342	380.396058
1340	0.380642092	380.7767001
1339	0.381008385	381.1577085
1338	0.381062135	381.5387706
1337	0.381115885	381.9198865
1336	0.381169685	382.3010562
1335	0.381518254	382.6825744
1334	0.381572004	383.0641464
1333	0.381625804	383.4457722
1332	0.381679554	383.8274518
1331	0.381733304	384.2091851
1330	0.381787104	384.5909722
1329	0.381840854	384.972813
1328	0.381894604	385.3547076
1327	0.381948404	385.7366561
1326	0.382304439	386.1189605
1325	0.382962759	386.5019232
1324	0.383016559	386.8849398
1323	0.383376751	387.2683166
1322	0.383430501	387.6517471
1321	0.383484251	388.0352313
1320	0.383538051	388.4187694
1319	0.383591801	388.8023612
1318	0.383645601	389.1860068
1317	0.383699351	389.5697061
1316	0.383753101	389.9534592
1315	0.384099465	390.3375587
1314	0.384449173	390.7220079
1313	0.384502923	391.1065108
1312	0.384556673	391.4910674
1311	0.384610473	391.8756779
1310	0.384664223	392.2603421
1309	0.385009549	392.6453517
1308	0.385063299	393.030415
1307	0.385117049	393.415532
1306	0.385170799	393.8007028
1305	0.385224599	394.1859274
1304	0.385278349	394.5712058
1303	0.385622508	394.9568283
1302	0.385676308	395.3425046
1301	0.385730058	395.7282347
1300	0.385783808	396.1140185
1299	0.385837608	396.4998561
1298	0.385891358	396.8857474
1297	0.385945108	397.2716925
1296	0.386296946	397.6579895
1295	0.386350696	398.0443402
1294	0.386404446	398.4307446
1293	0.386458246	398.8172029
1292	0.386511996	399.2037149
1291	0.386873216	399.5905881
1290	0.387216308	399.9778044
1289	0.387270058	400.3650744
1288	0.387919213	400.7529937
1287	0.387973013	401.1409667
1286	0.388026763	401.5289934
1285	0.388080513	401.9170739
1284	0.388134263	402.3052082
1283	0.388188063	402.6933963
1282	0.388241813	403.0816381
1281	0.388608105	403.4702462
1280	0.389258945	403.8595051
1279	0.389312695	404.2488178
1278	0.389366495	404.6381843
1277	0.389420245	405.0276046
1276	0.389473995	405.4170786
1275	0.389826871	405.8069054
1274	0.389880671	406.1967861
1273	0.389934421	406.5867205
1272	0.389988221	406.9767087
1271	0.390041971	407.3667507
1270	0.390389453	407.7571402
1269	0.390443203	408.1475834
1268	0.390798215	408.5383816
1267	0.390851965	408.9292336
1266	0.390905715	409.3201393
1265	0.390959515	409.7110988
1264	0.391013265	410.102112
1263	0.391067015	410.4931791
1262	0.391416722	410.8845958
1261	0.391470472	411.2760663
1260	0.391524222	411.6675905
1259	0.391578022	412.0591685
1258	0.391631772	412.4508003
1257	0.392557001	412.8433573
1256	0.392610801	413.2359681
1255	0.392664551	413.6286326
1254	0.392718301	414.0213509
1253	0.392772101	414.414123
1252	0.392825851	414.8069489
1251	0.392879601	415.1998285
1250	0.392933401	415.5927619
1249	0.392996201	415.9857581
1248	0.393356032	416.3791141
1247	0.393418832	416.7725329
1246	0.393481632	417.1660146
1245	0.393839286	417.5598539
1244	0.393902086	417.9537559
1243	0.393964936	418.3477209
1242	0.394027736	418.7417486
1241	0.394090536	419.1358392
1240	0.394153386	419.5299925
1239	0.394216186	419.9242087
1238	0.394279036	420.3184878
1237	0.394341836	420.7128296
1236	0.394404686	421.1072343
1235	0.394467486	421.5017018
1234	0.394530286	421.8962321
1233	0.394593136	422.2908252
1232	0.394655936	422.6854811
1231	0.394718786	423.0801999
1230	0.395080712	423.4752806
1229	0.395143512	423.8704241
1228	0.395206362	424.2656305
1227	0.395269162	424.6608997
1226	0.395332012	425.0562317
1225	0.395672689	425.4519044
1224	0.395735489	425.8476398
1223	0.395798339	426.2434382
1222	0.395861139	426.6392993
1221	0.395923989	427.0352233
1220	0.395986789	427.4312101
1219	0.396049639	427.8272597
1218	0.396112439	428.2233722
1217	0.396477524	428.6198497
1216	0.396540374	429.0163901
1215	0.396916635	429.4133067
1214	0.396979485	429.8102862
1213	0.397042285	430.2073285
1212	0.397105085	430.6044336
1211	0.397167935	431.0016015
1210	0.397230735	431.3988322
1209	0.397293585	431.7961258
1208	0.397356385	432.1934822
1207	0.397419185	432.5909014
1206	0.397482035	432.9883834
1205	0.39784712	433.3862305
1204	0.39790997	433.7841405
1203	0.39797277	434.1821133
1202	0.39803562	434.5801489
1201	0.39809842	434.9782473
1200	0.39816122	435.3764085
1199	0.398822292	435.7752308
1198	0.398885092	436.1741159
1197	0.399245995	436.5733619
1196	0.399308795	436.9726707
1195	0.399648279	437.372319
1194	0.399711129	437.7720301
1193	0.40065584	438.172686
1192	0.401023061	438.573709
1191	0.401085861	438.9747949
1190	0.401148661	439.3759435
1189	0.401211511	439.7771551
1188	0.401870357	440.1790254
1187	0.402235492	440.5812609
1186	0.402298292	440.9835592
1185	0.402361142	441.3859203
1184	0.402706439	441.7886268
1183	0.402769239	442.191396
1182	0.402832089	442.5942281
1181	0.402894889	442.997123
1180	0.402957739	443.4000807
1179	0.403020539	443.8031013
1178	0.403083339	444.2061846
1177	0.403146189	444.6093308
1176	0.403208989	445.0125398
1175	0.403271839	445.4158116
1174	0.403334639	445.8191463
1173	0.403397489	446.2225437
1172	0.403460289	446.626004
1171	0.403523089	447.0295271
1170	0.403585939	447.4331131
1169	0.403648739	447.8367618
1168	0.403994085	448.2407559
1167	0.404056885	448.6448128
1166	0.404428169	449.0492409
1165	0.405073594	449.4543145
1164	0.405136394	449.8594509
1163	0.405199244	450.2646502
1162	0.405262044	450.6699122
1161	0.405911831	451.075824
1160	0.405974681	451.4817987
1159	0.406037481	451.8878362
1158	0.406411825	452.294248
1157	0.406783079	452.7010311
1156	0.406845929	453.107877
1155	0.406908729	453.5147858
1154	0.407567188	453.922353
1153	0.407630038	454.329983
1152	0.407692838	454.7376758
1151	0.407755688	455.1454315
1150	0.407818488	455.55325
1149	0.407881288	455.9611313
1148	0.407944138	456.3690754
1147	0.408006938	456.7770824
1146	0.408641575	457.1857239
1145	0.408704375	457.5944283
1144	0.408767175	458.0031955
1143	0.409421601	458.4126171
1142	0.409484401	458.8221015
1141	0.410151762	459.2322533
1140	0.410214562	459.6424678
1139	0.410277412	460.0527452
1138	0.410639338	460.4633846
1137	0.410981147	460.8743657
1136	0.411335523	461.2857012
1135	0.411398323	461.6970996
1134	0.411461173	462.1085607
1133	0.411523973	462.5200847
1132	0.411586773	462.9316715
1131	0.412232646	463.3439041
1130	0.412295446	463.7561996
1129	0.412358296	464.1685579
1128	0.412421096	464.580979
1127	0.412483896	464.9934629
1126	0.412847958	465.4063108
1125	0.412910758	465.8192216
1124	0.412973608	466.2321952
1123	0.413036408	466.6452316
1122	0.413702785	467.0589344
1121	0.414077079	467.4730114
1120	0.414139879	467.8871513
1119	0.414505014	468.3016563
1118	0.414567814	468.7162242
1117	0.414630664	469.1308548
1116	0.414693464	469.5455483
1115	0.415064748	469.960613
1114	0.415127598	470.3757406
1113	0.415190398	470.790931
1112	0.415253248	471.2061843
1111	0.415316048	471.6215003
1110	0.415378848	472.0368792
1109	0.415441698	472.4523209
1108	0.415784669	472.8681055
1107	0.415847519	473.2839531
1106	0.415910319	473.6998634
1105	0.415973169	474.1158365
1104	0.416035969	474.5318725
1103	0.416098769	474.9479713
1102	0.416161619	475.3641329
1101	0.416224419	475.7803573
1100	0.416287269	476.1966446
1099	0.416350069	476.6129947
1098	0.416412869	477.0294075
1097	0.416776961	477.4461845
1096	0.416839761	477.8630242
1095	0.417214105	478.2802384
1094	0.417276905	478.6975153
1093	0.417339755	479.114855
1092	0.417698462	479.5325535
1091	0.417761262	479.9503147
1090	0.417824112	480.3681388
1089	0.417886912	480.7860258
1088	0.417949762	481.2039755
1087	0.418012562	481.6219881
1086	0.418683896	482.040672
1085	0.418746746	482.4594187
1084	0.418809546	482.8782283
1083	0.418872396	483.2971007
1082	0.418935196	483.7160359
1081	0.418997996	484.1350339
1080	0.419060846	484.5540947
1079	0.419424888	484.9735196
1078	0.419790023	485.3933096
1077	0.42016533	485.8134749
1076	0.42022818	486.2337031
1075	0.42029098	486.6539941
1074	0.420949767	487.0749439
1073	0.421012617	487.4959565
1072	0.421075417	487.9170319
1071	0.421138267	488.3381702
1070	0.421496974	488.7596671
1069	0.421559774	489.1812269
1068	0.421622624	489.6028495
1067	0.421685424	490.024535
1066	0.422058755	490.4465937
1065	0.422435045	490.8690288
1064	0.422497845	491.2915266
1063	0.423159454	491.7146861
1062	0.423222254	492.1379083
1061	0.423285104	492.5611934
1060	0.423347904	492.9845413
1059	0.423410754	493.4079521
1058	0.423473554	493.8314256
1057	0.423536354	494.254962
1056	0.423599204	494.6785612
1055	0.423662004	495.1022232
1054	0.424015277	495.5262385
1053	0.424078077	495.9503165
1052	0.424140877	496.3744574
1051	0.424507055	496.7989645
1050	0.424569855	497.2235343
1049	0.424632705	497.648167
1048	0.424695505	498.0728625
1047	0.424758305	498.4976208
1046	0.424821155	498.922442
1045	0.424883955	499.347326
1044	0.425258299	499.7725842
1043	0.425321099	500.1979053
1042	0.425383949	500.6232893
1041	0.42603308	501.0493224
1040	0.426398165	501.4757205
1039	0.426461015	501.9021816
1038	0.426523815	502.3287054
1037	0.426586665	502.755292
1036	0.426649465	503.1819415
1035	0.426712265	503.6086538
1034	0.426775115	504.0354289
1033	0.426837915	504.4622668
1032	0.426900765	504.8891676
1031	0.426963565	505.3161311
1030	0.427026415	505.7431575
1029	0.427392543	506.1705501
1028	0.427455343	506.5980054
1027	0.427518193	507.0255236
1026	0.427580993	507.4531046
1025	0.427643843	507.8807485
1024	0.427706643	508.3084551
1023	0.428071728	508.7365268
1022	0.428424972	509.1649518
1021	0.428487772	509.5934396
1020	0.428550622	510.0219902
1019	0.428923932	510.4509141
1018	0.428986782	510.8799009
1017	0.429338873	511.3092398
1016	0.429401673	511.7386415
1015	0.429464523	512.168106
1014	0.429804008	512.59791
1013	0.429866858	513.0277768
1012	0.429929658	513.4577065
1011	0.429992458	513.887699
1010	0.430055308	514.3177543
1009	0.430118108	514.7478724
1008	0.430180958	515.1780533
1007	0.430243758	515.6082971
1006	0.430609966	516.0389071
1005	0.430672766	516.4695798
1004	0.430735566	516.9003154
1003	0.430798416	517.3311138
1002	0.431160342	517.7622741
1001	0.431223192	518.1934973
1000	0.431582972	518.6250803
999	0.431645772	519.0567261
998	0.431708622	519.4884347
997	0.431771422	519.9202061
996	0.431834272	520.3520404
995	0.431897072	520.7839375
994	0.432259048	521.2161965
993	0.432321848	521.6485184
992	0.432672866	522.0811912
991	0.432735716	522.5139269
990	0.432798516	522.9467255
989	0.432861366	523.3795868
988	0.432924166	523.812511
987	0.432986966	524.245498
986	0.433049816	524.6785478
985	0.433112616	525.1116604
984	0.43348699	525.5451474
983	0.43354979	525.9786972
982	0.43361264	526.4123098
981	0.43367544	526.8459852
980	0.434038409	527.2800237
979	0.434101259	527.7141249
978	0.434164059	528.148289
977	0.434226909	528.5825159
976	0.434289709	529.0168056
975	0.434352509	529.4511581
974	0.434415359	529.8855735
973	0.434478159	530.3200516
972	0.434541009	530.7545926
971	0.435500889	531.1900935
970	0.435563689	531.6256572
969	0.435626539	532.0612837
968	0.435689339	532.4969731
967	0.435752189	532.9327253
966	0.435814989	533.3685403
965	0.436189303	533.8047296
964	0.436538056	534.2412676
963	0.436600856	534.6778685
962	0.436663706	535.1145322
961	0.437327202	535.5518594
960	0.437687061	535.9895464
959	0.437749861	536.4272963
958	0.437812661	536.865109
957	0.437875511	537.3029845
956	0.438528725	537.7415132
955	0.438591575	538.1801048
954	0.438654375	538.6187591
953	0.438717225	539.0574764
952	0.438780025	539.4962564
951	0.439146183	539.9354026
950	0.439209033	540.3746116
949	0.439271833	540.8138834
948	0.439334683	541.2532181
947	0.439397483	541.6926156
946	0.440047717	542.1326633
945	0.440110567	542.5727739
944	0.440173367	543.0129473
943	0.440236217	543.4531835
942	0.440299017	543.8934825
941	0.440361867	544.3338444
940	0.440424667	544.774269
939	0.440487467	545.2147565
938	0.440550317	545.6553068
937	0.440916445	546.0962233
936	0.440979295	546.5372025
935	0.441042095	546.9782446
934	0.441104895	547.4193495
933	0.441167745	547.8605173
932	0.441230545	548.3017478
931	0.441293395	548.7430412
930	0.441356195	549.1843974
929	0.441419045	549.6258165
928	0.441481845	550.0672983
927	0.441831701	550.50913
926	0.441894551	550.9510246
925	0.44253486	551.3935594
924	0.44259771	551.8361571
923	0.442974001	552.2791311
922	0.443340129	552.7224713
921	0.443402979	553.1658742
920	0.443465779	553.60934
919	0.443528629	554.0528686
918	0.443591429	554.4964601
917	0.443654279	554.9401143
916	0.444027559	555.3841419
915	0.444090359	555.8282323
914	0.444153209	556.2723855
913	0.444216009	556.7166015
912	0.444278859	557.1608803
911	0.444341659	557.605222
910	0.444404459	558.0496265
909	0.444467309	558.4940938
908	0.444530109	558.9386239
907	0.444592959	559.3832168
906	0.444655759	559.8278726
905	0.444718609	560.2725912
904	0.444781409	560.7173726
903	0.444844209	561.1622168
902	0.444907059	561.6071239
901	0.444969859	562.0520937
900	0.445032709	562.4971264
899	0.445395708	562.9425222
898	0.445458508	563.3879807
897	0.445521358	563.833502
896	0.445584158	564.2790862
895	0.445647008	564.7247332
894	0.445709808	565.170443
893	0.445772658	565.6162157
892	0.445835458	566.0620511
891	0.446465426	566.5085165
890	0.446528276	566.9550448
889	0.446591076	567.4016359
888	0.446653926	567.8482898
887	0.447015882	568.2953057
886	0.447375632	568.7426813
885	0.447438482	569.1901198
884	0.447501282	569.6376211
883	0.447564132	570.0851852
882	0.447626932	570.5328122
881	0.447689732	570.9805019
880	0.447752582	571.4282545
879	0.447815382	571.8760699
878	0.447878232	572.3239481
877	0.447941032	572.7718891
876	0.448003882	573.219893
875	0.448066682	573.6679597
874	0.448129482	574.1160892
873	0.448192332	574.5642815
872	0.448255132	575.0125366
871	0.448317982	575.4608546
870	0.448380782	575.9092354
869	0.448728373	576.3579638
868	0.448791223	576.806755
867	0.448854023	577.255609
866	0.448916873	577.7045259
865	0.448979673	578.1535056
864	0.449042473	578.602548
863	0.449105323	579.0516534
862	0.449168123	579.5008215
861	0.449230973	579.9500524
860	0.449293773	580.3993462
859	0.449356623	580.8487028
858	0.449419423	581.2981223
857	0.449482223	581.7476045
856	0.44984098	582.1974455
855	0.450194204	582.6476397
854	0.450257054	583.0978967
853	0.450319854	583.5482166
852	0.450382654	583.9985992
851	0.450445504	584.4490447
850	0.450508304	584.899553
849	0.450581754	585.3501348
848	0.450655154	585.80079
847	0.451017845	586.2518078
846	0.451391444	586.7031992
845	0.451768172	587.1549674
844	0.451841622	587.606809
843	0.451915022	588.0587241
842	0.451988422	588.5107125
841	0.452061872	588.9627744
840	0.452441759	589.4152161
839	0.452515159	589.8677313
838	0.452588559	590.3203198
837	0.452661959	590.7729818
836	0.452735409	591.2257172
835	0.452808809	591.678526
834	0.452882209	592.1314082
833	0.452955609	592.5843638
832	0.453029059	593.0373929
831	0.453102459	593.4904953
830	0.45348637	593.9439817
829	0.45355977	594.3975415
828	0.45363322	594.8511747
827	0.45370662	595.3048813
826	0.45378002	595.7586613
825	0.454155705	596.212817
824	0.454229155	596.6670462
823	0.454880004	597.1219262
822	0.455554845	597.577481
821	0.455628295	598.0331093
820	0.455701695	598.488811
819	0.455775095	598.9445861
818	0.455848495	599.4004346
817	0.455921895	599.8563565
816	0.455995345	600.3123519
815	0.456068745	600.7684206
814	0.456142145	601.2245628
813	0.456215595	601.6807783
812	0.456288995	602.1370673
811	0.456959485	602.5940268
810	0.457346375	603.0513732
809	0.457419775	603.508793
808	0.457493225	603.9662862
807	0.457566625	604.4238528
806	0.457640025	604.8814929
805	0.457713475	605.3392063
804	0.457786875	605.7969932
803	0.458160504	606.2551537
802	0.458233904	606.7133876
801	0.458307304	607.1716949
800	0.459271545	607.6309665
799	0.459344945	608.0903114
798	0.460005362	608.5503168
797	0.460078812	609.0103956
796	0.460152212	609.4705478
795	0.460514932	609.9310627
794	0.460588332	610.3916511
793	0.460661732	610.8523128
792	0.460735182	611.313048
791	0.460808582	611.7738565
790	0.46118534	612.2350419
789	0.46125879	612.6963007
788	0.46133219	613.1576329
787	0.461719081	613.6193519
786	0.462104988	614.0814569
785	0.462465494	614.5439224
784	0.462538894	615.0064613
783	0.462612294	615.4690736
782	0.462980499	615.9320541
781	0.463053949	616.3951081
780	0.463127349	616.8582354
779	0.463200749	617.3214362
778	0.463274149	617.7847103
777	0.464510098	618.2492204
776	0.46488474	618.7141051
775	0.46495814	619.1790633
774	0.46503154	619.6440948
773	0.46510499	620.1091998
772	0.46517839	620.5743782
771	0.46525179	621.03963
770	0.46532519	621.5049552
769	0.46539864	621.9703538
768	0.465765742	622.4361196
767	0.465839142	622.9019587
766	0.465912542	623.3678712
765	0.465985992	623.8338572
764	0.466059392	624.2999166
763	0.466445299	624.7663619
762	0.467109172	625.2334711
761	0.467182622	625.7006537
760	0.467256022	626.1679097
759	0.467329422	626.6352392
758	0.467402822	627.102642
757	0.467476272	627.5701183
756	0.468146851	628.0382651
755	0.468515056	628.5067802
754	0.469153418	628.9759336
753	0.469226868	629.4451605
752	0.469300268	629.9144607
751	0.469373668	630.3838344
750	0.469447068	630.8532815
749	0.469520518	631.322802
748	0.469896203	631.7926982
747	0.470281097	632.2629793
746	0.470354497	632.7333338
745	0.470724927	633.2040587
744	0.470798327	633.674857
743	0.471176098	634.1460331
742	0.471249498	634.6172826
741	0.471322948	635.0886056
740	0.471688977	635.5602945
739	0.471762377	636.0320569
738	0.472122883	636.5041798
737	0.472196283	636.9763761
736	0.472269683	637.4486458
735	0.472343083	637.9209889
734	0.472416483	638.3934053
733	0.472797404	638.8662027
732	0.472870804	639.3390735
731	0.47382826	639.8129018
730	0.47390171	640.2868035
729	0.47397511	640.7607786
728	0.47404851	641.2348271
727	0.474414569	641.7092417
726	0.474487969	642.1837297
725	0.474561419	642.6582911
724	0.474634819	643.1329259
723	0.474708219	643.6076341
722	0.475072092	644.0827062
721	0.475145492	644.5578517
720	0.475507051	645.0333588
719	0.475580451	645.5089392
718	0.475653851	645.9845931
717	0.475727301	646.4603204
716	0.475800701	646.9361211
715	0.475874101	647.4119952
714	0.47624018	647.8882353
713	0.476627071	648.3648624
712	0.477001713	648.8418641
711	0.477075113	649.3189392
710	0.477449754	649.796389
709	0.477824446	650.2742134
708	0.478485131	650.7526986
707	0.478867015	651.2315656
706	0.47921712	651.7107827
705	0.47929052	652.1900732
704	0.47936392	652.6694371
703	0.47943732	653.1488745
702	0.47951077	653.6283852
701	0.47958417	654.1079694
700	0.47965757	654.587627
699	0.47973097	655.0673579
698	0.47980442	655.5471624
697	0.47987782	656.0270402
696	0.47995122	656.5069914
695	0.48002462	656.987016
694	0.48009807	657.4671141
693	0.48017147	657.9472856
692	0.480530823	658.4278164
691	0.480604223	658.9084206
690	0.480677673	659.3890983
689	0.480751073	659.8698494
688	0.480824473	660.3506738
687	0.480897873	660.8315717
686	0.481265025	661.3128367
685	0.481338425	661.7941751
684	0.481411825	662.275587
683	0.481485225	662.7570722
682	0.481558675	663.2386309
681	0.481632075	663.7202629
680	0.481705475	664.2019684
679	0.481778875	664.6837473
678	0.482458564	665.1662059
677	0.482531964	665.6487378
676	0.482605364	666.1313432
675	0.483593904	666.6149371
674	0.483667354	667.0986044
673	0.484046138	667.5826506
672	0.484119538	668.0667701
671	0.484481156	668.5512513
670	0.484856891	669.0361082
669	0.484930291	669.5210385
668	0.485003691	670.0060421
667	0.485367455	670.4914096
666	0.485440905	670.9768505
665	0.485514305	671.4623648
664	0.485587705	671.9479525
663	0.485661155	672.4336137
662	0.48603684	672.9196505
661	0.48611024	673.4057607
660	0.48618364	673.8919444
659	0.48625704	674.3782014
658	0.48633049	674.8645319
657	0.48640389	675.3509358
656	0.486790781	675.8377266
655	0.486864231	676.3245908
654	0.486937631	676.8115285
653	0.487011031	677.2985395
652	0.487084431	677.7856239
651	0.487157831	678.2727817
650	0.48752391	678.7603057
649	0.48759731	679.247903
648	0.48767071	679.7355737
647	0.48774416	680.2233178
646	0.488112364	680.7114302
645	0.488488049	681.1999182
644	0.48885843	681.6887767
643	0.48924234	682.178019
642	0.48931579	682.6673348
641	0.48938919	683.156724
640	0.48977006	683.6464941
639	0.48984351	684.1363376
638	0.48991691	684.6262545
637	0.490299808	685.1165543
636	0.490373208	685.6069275
635	0.490446608	686.0973741
634	0.490520058	686.5878942
633	0.490903968	687.0787981
632	0.491871885	687.57067
631	0.491945335	688.0626153
630	0.492613619	688.555229
629	0.492687019	689.047916
628	0.49306479	689.5409808
627	0.49313824	690.034119
626	0.493509693	690.5276287
625	0.493583093	691.0212118
624	0.493656493	691.5148683
623	0.493729943	692.0085982
622	0.493803343	692.5024016
621	0.493876743	692.9962783
620	0.494261637	693.4905399
619	0.494641163	693.9851811
618	0.494721563	694.4799027
617	0.495410705	694.9753134
616	0.49576779	695.4710812
615	0.49584814	695.9669293
614	0.496241047	696.4631704
613	0.496321447	696.9594918
612	0.496401847	697.4558936
611	0.496482247	697.9523759
610	0.496847438	698.4492233
609	0.496927838	698.9461512
608	0.497008188	699.4431594
607	0.497385538	699.9405449
606	0.497465938	700.4380108
605	0.497546338	700.9355572
604	0.497922596	701.4334798
603	0.498002996	701.9314828
602	0.498083396	702.4295662
601	0.498163796	702.92773
600	0.498244196	703.4259741
599	0.498324596	703.9242987
598	0.498404946	704.4227037
597	0.498485346	704.921189
596	0.498565746	705.4197548
595	0.498933201	705.918688
594	0.499611019	706.418299
593	0.499691419	706.9179904
592	0.499771769	707.4177622
591	0.499852169	707.9176144
590	0.50021277	708.4178271
589	0.500911032	708.9187382
588	0.50129479	709.4200329
587	0.50137519	709.9214081
586	0.50145554	710.4228637
585	0.50153594	710.9243996
584	0.50161634	711.426016
583	0.502863352	711.9288793
582	0.502943702	712.431823
581	0.503024102	712.9348471
580	0.503404701	713.4382518
579	0.503485101	713.9417369
578	0.503565501	714.4453024
577	0.503645901	714.9489483
576	0.503726251	715.4526746
575	0.503806651	715.9564812
574	0.503887051	716.4603683
573	0.503967451	716.9643357
572	0.504047851	717.4683836
571	0.504417572	717.9728011
570	0.504497922	718.4772991
569	0.504578322	718.9818774
568	0.504658722	719.4865361
567	0.505030618	719.9915667
566	0.505411217	720.4969779
565	0.505491617	721.0024695
564	0.505571967	721.5080415
563	0.505931376	722.0139729
562	0.506310902	722.5202838
561	0.506391302	723.0266751
560	0.506471702	723.5331468
559	0.506862562	724.0400094
558	0.506942962	724.5469523
557	0.507023362	725.0539757
556	0.507103762	725.5610794
555	0.507184162	726.0682636
554	0.507264562	726.5755282
553	0.507948797	727.083477
552	0.508325104	727.5918021
551	0.508405504	728.1002076
550	0.508485904	728.6086935
549	0.508566304	729.1172598
548	0.508932628	729.6261924
547	0.509326468	730.1355189
546	0.509406868	730.6449257
545	0.509487268	731.154413
544	0.509567668	731.6639807
543	0.509648068	732.1736288
542	0.509728468	732.6833572
541	0.510092477	733.1934497
540	0.510172877	733.7036226
539	0.510253277	734.2138758
538	0.510333677	734.7242095
537	0.510414077	735.2346236
536	0.510494427	735.745118
535	0.510880211	736.2559982
534	0.510960611	736.7669588
533	0.511041011	737.2779999
532	0.511410673	737.7894105
531	0.511491023	738.3009016
530	0.511875823	738.8127774
529	0.511956223	739.3247336
528	0.512036623	739.8367702
527	0.512117023	740.3488872
526	0.512197423	740.8610847
525	0.512582145	741.3736668
524	0.512662545	741.8863294
523	0.512742945	742.3990723
522	0.513119252	742.9121916
521	0.51350298	743.4256945
520	0.51358338	743.9392779
519	0.51366373	744.4529416
518	0.51374413	744.9666858
517	0.51382453	745.4805103
516	0.51390493	745.9944152
515	0.514285529	746.5087008
514	0.515268999	747.0239698
513	0.515349349	747.5393191
512	0.515429749	748.0547489
511	0.515510149	748.570259
510	0.515590549	749.0858496
509	0.515670949	749.6015205
508	0.515751299	750.1172718
507	0.515831699	750.6331035
506	0.515912099	751.1490156
505	0.515992499	751.6650081
504	0.516072899	752.181081
503	0.51643347	752.6975145
502	0.51651382	753.2140283
501	0.517202694	753.731231
500	0.517283094	754.2485141
499	0.517343394	754.7658575
498	0.517703863	755.2835613
497	0.517764213	755.8013255
496	0.517824513	756.3191501
495	0.517884813	756.8370349
494	0.517945113	757.35498
493	0.518312884	757.8732929
492	0.518373184	758.391666
491	0.518744044	758.9104101
490	0.519112828	759.4295229
489	0.519173128	759.948696
488	0.519524954	760.468221
487	0.519898745	760.9881197
486	0.519959045	761.5080788
485	0.520019345	762.0280981
484	0.520079695	762.5481778
483	0.520139995	763.0683178
482	0.520200295	763.5885181
481	0.520260595	764.1087787
480	0.520620021	764.6293987
479	0.520680321	765.1500791
478	0.521023137	765.6711022
477	0.521083437	766.1921856
476	0.521427396	766.713613
475	0.521487696	767.2351007
474	0.521846049	767.7569468
473	0.521906399	768.2788532
472	0.521966699	768.8008199
471	0.522330327	769.3231502
470	0.522390627	769.8455408
469	0.522450927	770.3679917
468	0.522790266	770.890782
467	0.522850566	771.4136326
466	0.522910916	771.9365435
465	0.522971216	772.4595147
464	0.523031516	772.9825462
463	0.523091816	773.505638
462	0.523152116	774.0287902
461	0.523510469	774.5523006
460	0.523570819	775.0758714
459	0.523934447	775.5998059
458	0.523994747	776.1238006
457	0.524954243	776.6487549
456	0.525014543	777.1737694
455	0.525074893	777.6988443
454	0.525135193	778.2239795
453	0.525195493	778.749175
452	0.525255793	779.2744308
451	0.525316093	779.7997469
450	0.525376393	780.3251233
449	0.526052379	780.8511757
448	0.526112729	781.3772884
447	0.526173029	781.9034614
446	0.526233329	782.4296947
445	0.526293629	782.9559884
444	0.526353929	783.4823423
443	0.526414229	784.0087565
442	0.526474529	784.5352311
441	0.526534879	785.0617659
440	0.526595179	785.5883611
439	0.526655479	786.1150166
438	0.526715779	786.6417324
437	0.526776079	787.1685085
436	0.52714083	787.6956493
435	0.527503415	788.2231527
434	0.527563715	788.7507164
433	0.527624015	789.2783404
432	0.527987643	789.8063281
431	0.52835744	790.3346855
430	0.52841779	790.8631033
429	0.528792564	791.3918959
428	0.528852864	791.9207487
427	0.528913164	792.4496619
426	0.528973464	792.9786354
425	0.529033764	793.5076691
424	0.529094064	794.0367632
423	0.529154414	794.5659176
422	0.529793773	795.0957114
421	0.529854073	795.6255654
420	0.529914373	796.1554798
419	0.529993073	796.6854729
418	0.530071723	797.2155446
417	0.530150423	797.745695
416	0.530229073	798.2759241
415	0.530307773	798.8062319
414	0.530386473	799.3366184
413	0.531047729	799.8676661
412	0.531126429	800.3987925
411	0.531510463	800.930303
410	0.531589163	801.4618921
409	0.531667863	801.99356
408	0.531746513	802.5253065
407	0.531825213	803.0571317
406	0.532187492	803.5893192
405	0.532266192	804.1215854
404	0.532939806	804.6545252
403	0.533018456	805.1875437
402	0.53372214	805.7212658
401	0.53380079	806.2550666
400	0.534758897	806.7898255
399	0.534837597	807.3246631
398	0.534916247	807.8595793
397	0.535621929	808.3952013
396	0.535700579	808.9309018
395	0.536062907	809.4669648
394	0.536141607	810.0031064
393	0.536220257	810.5393266
392	0.536298957	811.0756256
391	0.536662368	811.6122879
390	0.536741068	812.149029
389	0.537119887	812.6861489
388	0.537762447	813.2239113
387	0.538424915	813.7623363
386	0.538503565	814.3008398
385	0.538582265	814.8394221
384	0.538974456	815.3783965
383	0.539053106	815.9174497
382	0.539427713	816.4568774
381	0.539506363	816.9963837
380	0.539585063	817.5359688
379	0.539663713	818.0756325
378	0.540046814	818.6156793
377	0.540411438	819.1560908
376	0.540490088	819.6965808
375	0.540883262	820.2374641
374	0.540961912	820.778426
373	0.541040612	821.3194666
372	0.541119312	821.8605859
371	0.541197962	822.4017839
370	0.541276662	822.9430606
369	0.541669786	823.4847303
368	0.541748486	824.0264788
367	0.542109662	824.5685885
366	0.542492733	825.1110812
365	0.542871662	825.6539529
364	0.542950312	826.1969032
363	0.543330253	826.7402335
362	0.543707036	827.2839405
361	0.543785686	827.8277262
360	0.54417287	828.371899
359	0.54425152	828.9161506
358	0.54433022	829.4604808
357	0.54440887	830.0048897
356	0.544777994	830.5496676
355	0.544856644	831.0945243
354	0.544935344	831.6394596
353	0.545014044	832.1844737
352	0.545092694	832.7295664
351	0.545171394	833.2747378
350	0.545250094	833.8199879
349	0.546221979	834.3662098
348	0.546300679	834.9125105
347	0.546379329	835.4588898
346	0.546458029	836.0053479
345	0.546536729	836.5518846
344	0.546903567	837.0987882
343	0.547287682	837.6460758
342	0.547366332	838.1934422
341	0.547445032	838.7408872
340	0.547838206	839.2887254
339	0.54885843	839.8375838
338	0.549868711	840.3874526
337	0.550574461	840.938027
336	0.551280261	841.4893073
335	0.551986061	842.0412933
334	0.553294076	842.5945874
333	0.553999876	843.1485873
332	0.554705676	843.703293
331	0.556015569	844.2593085
330	0.556721369	844.8160299
329	0.557427169	845.3734571
328	0.55841776	845.9318748
327	0.55942057	846.4912954
326	0.56012637	847.0514218
325	0.56083217	847.6122539
324	0.561832775	848.1740867
323	0.562538575	848.7366253
322	0.563244375	849.2998697
321	0.563950175	849.8638198
320	0.565264747	850.4290846
319	0.565970547	850.9950551
318	0.566676347	851.5617315
317	0.567382147	852.1291136
316	0.568087897	852.6972015
315	0.568793697	853.2659952
314	0.569808031	853.8358033
313	0.571404453	854.4072077
312	0.572407233	854.9796149
311	0.573113033	855.552728
310	0.573818833	856.1265468
309	0.574524633	856.7010714
308	0.575230433	857.2763019
307	0.576235359	857.8525372
306	0.57724556	858.4297828
305	0.578263867	859.0080467
304	0.579261223	859.5873079
303	0.579967023	860.1672749
302	0.580672823	860.7479477
301	0.581378623	861.3293263
300	0.582397914	861.9117243
299	0.583403912	862.4951282
298	0.584733654	863.0798618
297	0.585729877	863.6655917
296	0.587033929	864.2526256
295	0.587739729	864.8403654
294	0.588445529	865.4288109
293	0.589151329	866.0179622
292	0.589857079	866.6078193
291	0.590562929	867.1983822
290	0.591268679	867.7896509
289	0.591974479	868.3816254
288	0.592680329	868.9743057
287	0.593386079	869.5676918
286	0.594400363	870.1620922
285	0.59541262	870.7575048
284	0.59611842	871.3536232
283	0.597106746	871.9507299
282	0.597812546	872.5485425
281	0.598821674	873.1473642
280	0.599527474	873.7468916
279	0.599587124	874.3464788
278	0.599646724	874.9461255
277	0.599706374	875.5458319
276	0.599766024	876.1455979
275	0.599825674	876.7454236
274	0.599885324	877.3453089
273	0.599944924	877.9452538
272	0.600627532	878.5458813
271	0.600687182	879.1465685
270	0.600746832	879.7473153
269	0.600806432	880.3481218
268	0.600866082	880.9489879
267	0.601210494	881.5501984
266	0.601270094	882.1514684
265	0.601329744	882.7527982
264	0.601389394	883.3541876
263	0.602032364	883.9562199
262	0.602694627	884.5589146
261	0.602754277	885.1616688
260	0.603103248	885.7647721
259	0.603766127	886.3685382
258	0.604130128	886.9726684
257	0.604189778	887.5768581
256	0.604545335	888.1814035
255	0.604604935	888.7860084
254	0.604664585	889.390673
253	0.604724235	889.9953972
252	0.605082981	890.6004802
251	0.605428555	891.2059088
250	0.605488155	891.8113969
249	0.605848003	892.4172449
248	0.605907653	893.0231526
247	0.605967303	893.6291199
246	0.606026903	894.2351468
245	0.606086553	894.8412333
244	0.606146203	895.4473795
243	0.606205803	896.0535853
242	0.606880365	896.6604657
241	0.606940015	897.2674057
240	0.606999665	897.8744054
239	0.607370772	898.4817761
238	0.60775108	899.0895272
237	0.60781888	899.6973461
236	0.60788668	900.3052328
235	0.60795448	900.9131873
234	0.60802228	901.5212095
233	0.60809003	902.1292996
232	0.60815783	902.7374574
231	0.608520404	903.3459778
230	0.608588204	903.954566
229	0.608656004	904.563222
228	0.608723754	905.1719458
227	0.609094882	905.7810406
226	0.609162682	906.3902033
225	0.609230482	906.9994338
224	0.609605753	907.6090396
223	0.610286438	908.219326
222	0.610354188	908.8296802
221	0.610729458	909.4404096
220	0.611094238	910.0515039
219	0.611162038	910.6626659
218	0.611540299	911.2742062
217	0.611907225	911.8861134
216	0.611975025	912.4980885
215	0.612042825	913.1101313
214	0.612110625	913.7222419
213	0.612178425	914.3344203
212	0.612533231	914.9469536
211	0.612601031	915.5595546
210	0.613281715	916.1728363
209	0.61364432	916.7864806
208	0.614021567	917.4005022
207	0.614402858	918.0149051
206	0.614470658	918.6293757
205	0.614845928	919.2442217
204	0.614913678	919.8591353
203	0.614981478	920.4741168
202	0.615049278	921.0891661
201	0.61541832	921.7045844
200	0.61548612	922.3200705
199	0.61560472	922.9356752
198	0.616009264	923.5516845
197	0.616411493	924.168096
196	0.616530143	924.7846261
195	0.616648743	925.4012749
194	0.617045269	926.0183202
193	0.617163869	926.635484
192	0.617282519	927.2527665
191	0.617715594	927.8704821
190	0.617834194	928.4883163
189	0.618258288	929.1065746
188	0.618686385	929.725261
187	0.618805035	930.344066
186	0.618923685	930.9629897
185	0.619042285	931.582032
184	0.619470402	932.2015024
183	0.619589002	932.8210914
182	0.619707602	933.440799
181	0.619826252	934.0606253
180	0.619944852	934.6805701
179	0.620359409	935.3009295
178	0.620783503	935.921713
177	0.620902103	936.5426151
176	0.621319799	937.1639349
175	0.621438449	937.7853734
174	0.621557049	938.4069304
173	0.621675649	939.0286061
172	0.622103796	939.6507099
171	0.622222446	940.2729323
170	0.622341046	940.8952734
169	0.622758822	941.5180322
168	0.622877422	942.1409096
167	0.623288701	942.7641983
166	0.623701003	943.3878993
165	0.623819603	944.0117189
164	0.624243667	944.6359626
163	0.624362267	945.2603248
162	0.624480917	945.8848058
161	0.624599567	946.5094053
160	0.624718167	947.1341235
159	0.625088031	947.7592115
158	0.625770065	948.3849816
157	0.625858565	949.0108402
156	0.625947065	949.6367872
155	0.626321508	950.2631087
154	0.626410058	950.8895188
153	0.626779922	951.5162987
152	0.626868422	952.1431671
151	0.627271396	952.7704385
150	0.627359946	953.3977985
149	0.627757943	954.0255564
148	0.627846493	954.6534029
147	0.627935043	955.281338
146	0.628311732	955.9096497
145	0.628400232	956.5380499
144	0.628488732	957.1665386
143	0.628577282	957.7951159
142	0.628665782	958.4237817
141	0.629343255	959.053125
140	0.629737199	959.6828622
139	0.630123802	960.312986
138	0.630212302	960.9431983
137	0.630890412	961.5740887
136	0.631275942	962.2053646
135	0.631364442	962.8367291
134	0.631755277	963.4684843
133	0.631843777	964.1003281
132	0.631932327	964.7322604
131	0.632020827	965.3642813
130	0.632415754	965.996697
129	0.632810761	966.6295078
128	0.633198358	967.2627061
127	0.633882656	967.8965888
126	0.633971156	968.53056
125	0.634367177	969.1649271
124	0.634455677	969.7993828
123	0.634544177	970.433927
122	0.634632727	971.0685597
121	0.63501162	971.7035713
120	0.635402455	972.3389738
119	0.636373574	972.9753474
118	0.636757379	973.6121047
117	0.636846429	974.2489512
116	0.637216793	974.886168
115	0.637305843	975.5234738
114	0.63830578	976.1617796
113	0.638678409	976.800458
112	0.639333614	977.4397916
111	0.639422614	978.0792142
110	0.640093465	978.7193077
109	0.641044249	979.3603519
108	0.641415745	980.0017677
107	0.641504745	980.6432724
106	0.641876321	981.2851487
105	0.641965321	981.9271141
104	0.642358772	982.5694728
103	0.642746868	983.2122197
102	0.643417788	983.8556375
101	0.643506838	984.4991443
100	0.644186222	985.1433306
99	0.644275272	985.7876058
98	0.64523459	986.4328404
97	0.645901904	987.0787423
96	0.646280275	987.7250226
95	0.646679785	988.3717024
94	0.647051281	989.0187537
93	0.647425122	989.6661788
92	0.64807682	990.3142556
91	0.64816587	990.9624215
90	0.648834337	991.6112558
89	0.649514048	992.2607699
88	0.649893442	992.9106633
87	0.650288949	993.5609522
86	0.650680234	994.2116325
85	0.650769284	994.8624018
84	0.651154162	995.5135559
83	0.651541215	996.1650971
82	0.651630265	996.8167274
81	0.652007483	997.4687349
80	0.65297591	998.1217108
79	0.65304451	998.7747553
78	0.653407945	999.4281632
77	0.653476545	1000.08164
76	0.653835589	1000.735475
75	0.654180873	1001.389656
74	0.654533132	1002.044189
73	0.655205169	1002.699395
72	0.655838782	1003.355233
71	0.656196703	1004.01143
70	0.656580731	1004.668011
69	0.656649331	1005.32466
68	0.657009477	1005.98167
67	0.657370736	1006.63904
66	0.657737389	1007.296778
65	0.658724884	1007.955503
64	0.65938204	1008.614885
63	0.659746518	1009.274631
62	0.659815118	1009.934446
61	0.66076991	1010.595216
60	0.661430086	1011.256646
59	0.661792388	1011.918439
58	0.661861038	1012.5803
57	0.661929638	1013.242229
56	0.661998238	1013.904228
55	0.662066888	1014.566294
54	0.662135488	1015.22843
53	0.662791194	1015.891221
52	0.663457718	1016.554679
51	0.663834822	1017.218514
50	0.664489157	1017.883003
49	0.664934862	1018.547938
48	0.66538784	1019.213326
47	0.666403217	1019.879729
46	0.667146936	1020.546876
45	0.667573608	1021.214449
44	0.667720208	1021.882169
43	0.667866758	1022.550036
42	0.668293509	1023.21833
41	0.668440059	1023.88677
40	0.668874848	1024.555645
39	0.669606487	1025.225251
38	0.670036715	1025.895288
37	0.670183265	1026.565471
36	0.670329815	1027.235801
35	0.670476365	1027.906277
34	0.670622915	1028.5769
33	0.671066445	1029.247967
32	0.671213045	1029.91918
31	0.671648866	1030.590829
30	0.67210395	1031.262933
29	0.672670178	1031.935603
28	0.672920978	1032.608524
27	0.673463275	1033.281987
26	0.67430574	1033.956293
25	0.675146924	1034.63144
24	0.675397724	1035.306837
23	0.675648524	1035.982486
22	0.675899324	1036.658385
21	0.677034448	1037.33542
20	0.677878374	1038.013298
19	0.67872385	1038.692022
18	0.67897465	1039.370997
17	0.6792255	1040.050222
16	0.67947625	1040.729698
15	0.680324189	1041.410022
14	0.68089702	1042.090919
13	0.68089702	1042.771816
12	0.681770109	1043.453587
11	0.682053737	1044.13564
10	0.682333939	1044.817974
9	0.682634137	1045.500608
8	0.682915471	1046.183524
7	0.683205895	1046.86673
6	0.684063367	1047.550793
5	0.684063367	1048.234857
4	0.684640609	1048.919497
3	0.684931032	1049.604428
2	0.685238503	1050.289667
1	0.685518704	1050.975185
0	0.686123393	1051.661309
