
1.716310915
1.64583823
1.54752932
1.46988829
1.42294534
1.384294205
1.35385355
1.327314145
1.300844295
1.275490275
1.24928317
1.229979425
1.202667425
1.168337085
1.132468805
1.10410039
1.088997705
1.074730055
1.058251753
1.045546723
1.032377463
1.016953159
1.004585384
0.991910228
0.978623313
0.965039783
0.951719764
0.939348145
0.92729547
0.911213663
0.900766608
0.888863936
0.87529192
0.864821769
0.85468146
0.844207723
0.833110174
0.823337835
0.812239212
0.800162945
0.786513144
0.774800803
0.76403247
0.751888374
0.738477237
0.723782465
0.711350076
0.696288755
0.684772967
0.671327925
0.659811987
0.648276937
0.635172178
0.620846805
0.604571665
0.59181461
0.577111895
0.562530748
0.547295396
0.528522656
0.503693082
0.487214645
0.473226311
0.454483076
0.437635507
0.419537358
0.40332303
0.3896928
0.376033201
0.358510932
0.341988289
0.328007907
0.313717869
0.295913549
0.275017111
0.256610799
0.243628554
0.224959631
0.211692581
0.195317189
0.18146057
0.169467625
0.158108025
0.146111108
0.131658764
0.116273461
0.105199984
0.09444265
0.083367961
0.070742547
0.05779284
0.048594866
0.038767911
0.027065168
0.015661265
0.005951166
0.005324228
0.001880876
0.001566413
0.000312494
