3.912742878036819150e+01
3.915423850914044834e+01
3.917490611670131528e+01
3.919209602174608875e+01
3.919972841700108290e+01
3.920688524134957476e+01
3.921365132274771526e+01
3.922005063854940943e+01
3.922615134938356363e+01
3.923198774984295767e+01
7.570671406592089170e+01
7.570671406592089170e+01
7.570671406592089170e+01
7.570671406592089170e+01
7.570671406592089170e+01
7.570671406592089170e+01
7.570671406592089170e+01
7.570671406592089170e+01
7.570671406592089170e+01
7.570671406592089170e+01
7.570671406592089170e+01
7.570671406592089170e+01
7.570671406592089170e+01
7.570671406592089170e+01
7.570671406592089170e+01
7.570671406592089170e+01
7.570671406592089170e+01
7.570671406592089170e+01
7.570671406592089170e+01
7.570671406592089170e+01
7.570671406592089170e+01
7.570671406592089170e+01
7.570671406592089170e+01
7.570671406592089170e+01
7.570671406592089170e+01
7.570671406592089170e+01
7.570671406592089170e+01
7.570671406592089170e+01
7.570671406592089170e+01
7.570671406592089170e+01
7.570671406592089170e+01
7.570671406592089170e+01
7.570671406592089170e+01
7.570671406592089170e+01
7.570671406592089170e+01
7.570671406592089170e+01
7.570671406592089170e+01
7.570671406592089170e+01
7.570671406592089170e+01
7.570671406592089170e+01
7.570671406592089170e+01
7.570671406592089170e+01
7.570671406592089170e+01
7.570671406592089170e+01
7.570671406592089170e+01
7.570671406592089170e+01
7.570671406592089170e+01
7.570671406592089170e+01
7.570671406592089170e+01
7.570671406592089170e+01
7.570671406592089170e+01
7.570671406592089170e+01
7.570671406592089170e+01
7.570671406592089170e+01
7.570671406592089170e+01
7.570671406592089170e+01
7.570671406592089170e+01
7.570671406592089170e+01
7.570671406592089170e+01
7.570671406592089170e+01
7.570671406592089170e+01
7.570671406592089170e+01
7.570671406592089170e+01
7.570671406592089170e+01
7.570671406592089170e+01
7.570671406592089170e+01
7.570671406592089170e+01
7.570671406592089170e+01
7.570671406592089170e+01
7.570671406592089170e+01
7.570671406592089170e+01
7.570671406592089170e+01
7.570671406592089170e+01
7.570671406592089170e+01
7.570671406592089170e+01
7.570671406592089170e+01
7.570671406592089170e+01
7.570671406592089170e+01
7.570671406592089170e+01
7.570671406592089170e+01
7.570671406592089170e+01
7.570671406592089170e+01
7.570671406592089170e+01
7.570671406592089170e+01
7.570671406592089170e+01
7.570671406592089170e+01
7.570671406592089170e+01
7.570671406592089170e+01
7.570671406592089170e+01
7.570671406592089170e+01
