2000.0
1994.5289867189094
1988.0663604989254
1981.6077087875403
1975.1528747827324
1968.6979246907715
1962.2385409609346
1955.776636365032
1949.3131841710826
1942.8451653213497
1936.3811518183709
1929.9200039997984
1923.4539128464883
1916.9833535487119
1910.510036962449
1904.039819118913
1897.5774046403958
1891.1250549861645
1884.6739144024532
1878.2221924460027
1871.7684978299271
1865.3201908321191
1858.877671897128
1852.430203198762
1845.9762009210463
1839.5073103115456
1833.0248908086128
1826.520566829207
1819.994759474667
1813.45242784758
1806.8980213197042
1800.3238547208455
1793.7396211728178
1787.1390464015715
1780.5135407524058
1773.8679987654127
1767.2051167236962
1760.519386121899
1753.8106613952468
1747.0837151297094
1740.3389684357226
1733.566007008675
1726.7684228089838
1719.9457373446533
1713.0996720101705
1706.22993024366
1699.3378325252756
1692.420369701973
1685.475772514859
1678.5012724305968
1671.4948433033046
1664.4621336363966
1657.4039781469282
1650.317664451648
1643.207303336291
1636.0839597786305
1628.9371724998077
1621.7659362387071
1614.5754131605886
1607.3614697591383
1600.1279908117356
1592.871582624073
1585.5897049120738
1578.2859939567481
1570.9569620799011
1563.6068223000395
1556.2263883102678
1548.8224667923846
1541.38625844214
1533.9180870647488
1526.4226391475515
1518.9007441638971
1511.3520168650884
1503.7798451219787
1496.1728500347817
1488.5289168363418
1480.85796515896
1473.1535342321024
1465.4210739423525
1457.6592175851574
1449.8695591466667
1442.0509373206494
1434.1994065353936
1426.3152973316069
1418.4046464431644
1410.4656867705985
1402.4956134366498
1394.4922016017908
1386.4504619323316
1378.377858320216
1370.27528318674
1362.142747237466
1353.9795150559228
1345.7887005429109
1337.5672870161804
1329.3112793596322
1321.0181730512327
1312.6911968452584
1304.3356915940976
1295.9524064253292
1287.5384774069996
1279.0974510905353
1270.6355174517819
1262.139574457862
1253.6121075922294
1245.0570364708299
1236.4758849193556
1227.8604641593306
1219.2070595258886
1210.5200016807514
1201.8012937736185
1193.0465485111017
1184.2683221192613
1175.4641450950176
1166.629375111195
1157.781631377513
1148.9074131040554
1140.0022808587996
1131.0673371026458
1122.0965328184084
1113.0900340128844
1104.0508103045554
1094.9809758565948
1085.8884609827783
1076.7549826560887
1067.5919842833214
1058.3947933416662
1049.1640460524939
1039.902667349842
1030.6130763035972
1021.2953358385605
1011.939592639549
1002.5511378812068
993.1345155676771
983.6884848638243
974.2103140172189
964.6982028491462
955.1487312675206
945.5629379238899
935.939028533508
926.2828523209503
916.5974096250261
906.8826573962561
897.1301650770107
887.3408862571098
877.5124626890162
867.64568288635
857.750784808886
847.8312436760546
837.8807605458661
827.901648428642
817.8932112420167
807.8408235980995
797.7472148414143
787.6097641528627
777.4358000715765
767.2380344901568
756.9952340385161
746.7207638634394
736.4155395925143
726.0853091762274
715.72276319718
705.3207225136933
694.8785526148856
684.4055161437103
673.8997449054242
663.3547786266271
652.7856472515763
642.1795454384217
631.5392070684946
620.8724754525039
610.190392362397
599.5385680170237
588.9215352304027
578.3179139244323
567.7277638647677
557.1467646724018
546.5775730580617
536.01723682772
525.4655406649679
514.9147565978775
504.37250318473525
493.8389718701177
483.2753278816248
472.67102848359724
462.03824654703374
451.37695240456856
440.6877066130577
429.9657848712604
