426.2966145655053
422.4389001492347
414.9075326509543
407.4434159913549
400.04953716816055
392.73339355600535
385.48698449513546
378.31137086487763
371.20193436327327
364.16079218637515
357.1890527422463
350.2853043869482
343.4484478910982
336.6845669960135
330.0051867191197
323.4138023151828
316.9098607929987
310.4908221521075
304.1551683865111
297.9022837775049
291.73193158900267
285.6401915462832
279.62906598846
273.68861169483
267.8355010713458
262.0619810634523
256.36984041721314
250.75388582257781
245.21249695730685
239.74673858012648
234.35877762061835
229.04418645265005
223.8058375421398
218.64598545248367
213.55997967414038
208.54749291698877
203.609982230949
198.74702703997175
193.95989820428403
189.2471645393725
184.6074543068485
180.03706957659125
175.53821866313473
171.1089502862024
166.7495637492025
162.45896954227263
158.23496076827365
154.08309638273286
150.00300939291822
145.99197535963796
142.05059413927108
138.17990312674058
134.38126097395798
130.65079919627104
126.98547336396865
123.3847966488111
119.84730592864581
116.3751416923793
112.96774150136221
109.62544107450009
106.34692856544095
103.1321682534124
99.97885088988718
96.88730199813398
93.85570288972261
90.88342737103993
87.96984219725312
85.11341907518155
82.31453276828512
79.57153918632744
76.87995537037247
74.23947165466737
71.65086688639887
69.11378380397271
66.62714617179216
64.19175953878849
61.806722741877266
59.47130542342163
57.18415905415467
54.94696324449369
52.7586430652246
50.61853530243221
48.52719755621498
46.48415572643566
44.48933651379086
42.541505135875795
40.64018379872638
38.78557217061563
36.97686190377811
35.21390873186143
33.495718486882915
31.82221374937725
30.19387448331006
28.611405391512687
27.073359108335907
25.58105237565785
24.132859790499104
22.728231241939074
21.366843139899146
20.049487045060246
18.775884228007293
17.545123208051372
16.356562482447647
15.2104807397521
14.106605411639983
13.04373918084262
12.022290749118854
11.04253866156507
10.103796751933574
9.20635185574825
8.350162400174499
7.5352241115182235
6.76154398331927
6.0291350183099555
5.33794897718284
4.687840236955096
4.078843498102378
3.511206241480345
2.984623191025011
2.4995422175546156
2.0556273158130662
1.653483039926635
1.2928745790774387
0.974027186102195
0.6975024231275242
0.46349946380537976
0.2727457037008373
0.12641769971661465
0.026796347753330174
0.0
