1750.0
1749.980129248288
1749.9200149562105
1749.8149410245674
1749.675338819081
1749.513630352607
1749.3387270558662
1749.1559259632108
1748.9681206812031
1748.7768386241462
1748.5828194254957
1748.3864422928878
1748.187888488326
1747.9872404710752
1747.7845567639768
1747.5798093777785
1747.3729880533865
1747.1640756401052
1746.953059182814
1746.739935391338
1746.524653335792
1746.3071883085363
1746.0875150539127
1745.8656299927056
1745.6414997897552
1745.415083464468
1745.1863541827502
1744.9552920560172
1744.721893397218
1744.4860994818102
1744.2478820072245
1744.0072122918764
1743.7641002606629
1743.5184789807531
1743.2703175048946
1743.0195855843474
1742.7662910683848
1742.5103681114595
1742.2517819321743
1741.99051088568
1741.726789217274
1741.4603102887231
1741.1910409063858
1740.9189607755789
1740.6440543588535
1740.3662556421652
1740.0855295866145
1739.8018734836005
1739.515232943072
1739.225557534727
1738.932821171243
1738.6370132148022
1738.3380583709222
1738.0359180911125
1737.7305976404616
1737.422019487074
1737.1101375557803
1736.7949447148492
1736.47638489357
1736.1543979542305
1735.828969615471
1735.500054649768
1735.1675839914938
1734.8315410986231
1734.4918815245392
1734.1485321987916
1733.8014798097643
1733.4506696195833
1733.0960298728605
1732.7375554452708
1732.375171081625
1732.0088113333943
1731.6384854328471
1731.2640851059582
1730.885576241194
1730.5029314304622
1730.1160542401203
1729.7251889588956
1729.3301134151043
1728.9307196775878
1728.527231470163
1728.1192430982815
1727.7067448995049
1727.2896503805946
1726.867902102639
1726.4414665859679
1726.0102349516953
1725.5745813439462
1725.1340221228356
1724.6885338553627
1724.238023384832
1723.7826274778129
1723.322305387266
1722.856767742421
1722.3859761110652
1721.9098226262095
1721.4282862274856
1720.9412414344463
1720.4486769016119
1719.9504569680896
1719.4465722965306
1718.936883816983
1718.4213783008454
1717.8999204940535
1717.372484437813
1716.8390903690934
1716.299886059147
1715.7544353292942
1715.20266354537
1714.645108968251
1714.0814078047595
1713.5116045039417
1712.9351967805544
1712.3520818088432
1711.7621229455497
1711.1652465118784
1710.56137141344
1709.950366184997
1709.3321902172456
1708.7067005411966
1708.0738038847965
1707.433435664084
1706.7854479954683
1706.1297597873142
1705.46628009316
1704.7948688730228
1704.1154381355627
1703.427892661717
1702.7323246165224
1702.0287750962034
1701.3167911415503
1700.5962136171363
1699.866925352019
1699.1288285784424
1698.3818015139334
1697.6256994043142
1696.8605251126412
1696.0866191216217
1695.3032873712505
1694.5103765737028
1693.7077533101547
1692.8952833803562
1692.0728409787334
1691.2409642381513
1690.3988943041606
1689.5464228406868
1688.6836698583368
1687.8108569682902
1686.9278204296604
1686.033807426061
1685.1286668970668
1684.2122283321567
1683.284331713914
1682.3448134607975
1681.3940453932405
1680.431636955841
1679.457111031721
1678.4702931815468
1677.4710066723576
1676.4590713012765
1675.434303813245
1674.3965185187628
1673.346096520117
1672.2826318744123
1671.2055839251598
1670.1147537818497
1669.009939249884
1667.8919740845702
1666.7600609612848
1665.6151541129855
1664.4559393076017
1663.2822723772333
1662.0933909496973
1660.8891798722386
1659.6708362561733
1658.4382243035625
1657.1895127374175
1655.9245390757642
1654.6443880476616
1653.3482438170947
1652.035040762473
1650.7045673428906
1649.3565222681655
1647.9906342616994
1646.6066894411028
1645.2043546439013
1643.7833826629449
1642.343488152606
1640.8843660212774
1639.4062903756605
1637.9091958895049
1636.3920386956122
1634.854464957277
1633.2968448656134
1631.718994558947
1630.1198077868664
1628.498982282306
1626.8561437570052
1625.1909864843008
1623.5044757835738
1621.798318555893
1620.0701663694995
1618.3183641729522
1616.5437966327897
1614.7451090519153
1612.9216422041088
1611.0738061939576
1609.201221504205
1607.3026948814252
1605.377818952932
1603.4275295428745
1601.4504004375763
1599.4501821674403
1597.4244206461817
1595.3716711709774
1593.2919403933438
1591.1832794481584
1589.0465206933548
1586.8806768952816
1584.685067543731
1582.4583347667533
1580.2014319219534
1577.9127978850904
1575.5915611640887
1573.2386513926997
1570.852584266851
1568.4323256807331
1565.9772984680044
1563.4890638818717
1560.964920148392
1558.4043480840705
1555.8068559925516
1553.1768823509296
1550.5122633076194
1547.8089923656642
1545.0662927548074
1542.2864854459222
1539.4690574814204
1536.61248510495
1533.7170308016734
1530.7804850092687
1527.8039446943453
1524.7860890610343
1521.7268124258271
1518.624476334479
1515.4759959591825
1512.284408783409
1509.0492707689073
1505.7762519021162
1502.457719999703
1499.0893157082407
1495.6730253604815
1492.2112282914413
1488.70063070931
1485.1414423371943
1481.5371979060653
1477.8781343212506
1474.1671636630188
1470.4082159981435
1466.593019141596
1462.7233917125327
1458.7986862657579
1454.8135960894788
1450.7692898031864
1446.6721768677278
1442.5130689324585
1438.290832176339
1434.0050315602114
1429.6525358157558
1425.2321262593994
1420.7426363473744
1416.1917282320228
1411.5790613541396
1406.893848219147
1402.1348372460848
1397.3037072468221
1392.4038100529904
1387.437511818475
1382.3990602936026
1377.2836242916371
1372.0888123632083
1366.82289843314
1361.4753114642256
1356.0561457449267
1350.5576168565538
1344.9712739979827
1339.2989009129249
1333.5408360354672
1327.6920594367982
1321.7609781134354
1315.7398691011424
1309.629486017223
1303.4247189832238
1297.1226974988379
1290.7234154561431
1284.2351718419434
1277.6514245488825
1270.9697677378897
1264.1877334127312
1257.3007342938713
1250.3142579736839
1243.2186059890646
1236.0101317408291
1228.6842637291031
1221.2442336540155
1213.687782025645
1206.0124011246305
1198.2178007111131
1190.3221125347773
1182.3255730820329
1174.2025211197588
1165.9460553077008
1157.5797410000926
1149.0982513875479
1140.493689047669
1131.7779526415882
1122.934848426861
1113.9698137193068
1104.8628514712393
1095.6057606802776
1086.2079683327465
1076.6686896517822
1066.9956362665887
1057.1858928993577
1047.2206424094932
1037.1036569870423
1026.8270598914787
1016.3907449076913
1005.7953630024941
995.0325613824294
984.1283823778815
973.2126649963506
962.300092758622
951.4081306207211
940.520827550809
929.6276583413744
918.7429812457054
907.8656289323035
896.9802546316496
886.1004959337339
875.2327246173535
864.3636756184854
853.4992274715938
842.6538540673436
831.8318131902154
821.0338109009632
810.2729863050955
799.5468503221787
788.8737705519874
778.2435740404771
767.6692748759783
757.1316366398696
746.6532037992652
736.2261617918701
725.8500670789305
715.5204803656728
705.2522140490357
695.0383072080006
684.8596981123237
674.7259510648475
664.6651014178591
654.6533586287712
644.6894118267942
634.792479533697
624.9725175605477
615.2201251669005
605.5390825026018
595.9140468304035
586.3590473143829
576.8846226343932
567.4691434620322
558.1228225195605
548.8444123587802
539.6364611534766
530.4900057251322
521.4119448995668
512.4069803572155
503.4721306161479
494.6089696700577
485.8195820423578
477.1001519943264
468.45451599968635
459.8762031989429
451.3764133640254
442.9475410946066
434.5829487927097
426.2966145655053
