434.2578033051304
434.28213744015073
434.30656472102646
434.3310855868575
434.35570047920356
434.38040984210005
434.4052141220741
434.43011376816094
434.45510923192006
434.48020096745165
434.50538943141333
434.5306750830367
434.55605838414414
434.58153979916585
434.6071197951568
434.63279884181406
434.65857741149387
434.68445597922937
434.7104350227481
434.7365150224895
434.7626964616231
434.78897982606594
434.8153656045016
434.85503123943784
434.9016222849119
434.9518755671283
435.0042701666524
435.05776238153084
435.11205012936546
435.16692827928347
435.2222951618619
435.2781011496075
435.3343228024833
435.39094986553823
435.44797872937085
435.50540914097155
435.5632425494116
435.6214812738456
435.6801280851413
435.7391859955696
435.7986581531516
435.8585477886537
435.9188581890652
435.9795926843999
436.04147050686817
436.1031056906789
436.16517546656917
436.22768330027975
436.29063268885807
436.3540271607439
436.4178702759657
436.4821656263951
436.54691683603323
436.61212756131306
436.6778014914125
436.7439423485749
436.81055388843413
436.877639900345
436.94520420771624
437.01395226473755
437.0825322245369
437.1516024970146
437.2211670479565
437.29122987895425
437.3617950277623
437.4328665686586
437.50444861280977
437.5765453086395
437.6491608422018
437.7222994375578
437.7959653571568
437.8701629022216
437.944896413138
438.02028706199684
438.0961143643422
438.1724909555113
438.24942133703877
438.3269100516396
438.4049616836255
438.4835808593254
438.56277224751057
438.6425405598248
438.7228905512193
438.8038270203918
438.8853548102317
438.967478808269
439.05032419138826
439.13366499035493
439.2176170024968
439.3021852990827
439.3873749983511
439.47319126599035
439.5596393156245
439.64672440930485
439.73445185800625
439.8228270221298
439.91185531201063
440.00165687424027
440.0920181949708
440.183049253917
440.2747556669886
440.36714310266245
440.4602172825262
440.5539839818272
440.64844903002904
440.7436183113733
440.83949776544796
440.93609338776207
441.03352957898755
441.1315869793838
441.2303789600397
441.3299117467438
441.43019162418716
441.5312249365789
441.63301808826805
441.7355775443739
441.83890983142237
441.94302153799
442.0480394387945
442.15374211695377
442.2602444508748
442.36755328471287
442.4756755280152
442.5846181564106
442.69438821230773
442.8049928056013
442.9164391143856
443.0288522257362
443.1420167375559
443.2560450145489
443.3709445157734
443.4867227721931
443.603387387443
443.7209460386032
443.8394064769832
443.95877652891386
444.0791877159654
444.2004146644705
444.3225752706646
444.4456776700107
444.5697300771073
444.69474078653815
444.82071817373253
444.9476706958356
445.07573013005936
445.204673396651
445.3346177834288
445.4655720843181
445.5975451794779
445.7305460362342
445.8645837100257
445.9996673453593
446.13593632648275
446.27315540139585
446.4114485385764
446.55082524968634
446.691295140421
446.8328679115362
446.9755533598867
447.1194896595064
447.2644468529066
447.4105468322284
447.5577997905322
447.70621602237384
447.8558059249207
448.0066953674624
448.1586816368205
448.3118735335856
448.4662818780441
448.62191759889214
448.7787917344359
448.9369154338047
449.0964257283606
449.257100883149
449.41905987372354
449.58231430627825
449.74687590413953
449.9127565090718
450.0813576450425
450.2501291439513
450.42025764291657
450.59175548669594
450.76463514541746
450.9389092159857
451.1147183651453
451.2918398934596
451.470394563805
451.65039549610884
