2.2421688881144752e+17
2.2528833690837117e+17
2.2636705173160138e+17
2.2745308903821994e+17
2.2854650506286416e+17
2.296473565222465e+17
2.3075570061971018e+17
2.318715950498534e+17
2.3299509800317485e+17
2.3412626817078474e+17
2.3526516474916813e+17
2.36411847444983e+17
2.375663764799122e+17
2.3872881259558442e+17
2.3989921705851315e+17
2.4107765166512234e+17
2.422641787467888e+17
2.4345886117497667e+17
2.44661762366394e+17
2.4587294628821626e+17
2.4709247746335853e+17
2.483204209758113e+17
2.495568424760428e+17
2.5142251271181994e+17
2.536245993298391e+17
2.5601271219670826e+17
2.638320124960186e+17
2.6640368851555552e+17
2.690291583458567e+17
2.7169910046241843e+17
2.744090402305982e+17
2.7715695802632307e+17
2.7994207986080045e+17
2.8276426569497533e+17
2.8562370002588013e+17
2.885207353871807e+17
2.91455813218607e+17
2.9442942388479315e+17
2.974420865055755e+17
3.0049433881263565e+17
3.035867320809388e+17
3.06719828629448e+17
3.0989420062308486e+17
3.131104295343619e+17
3.217218897767354e+17
3.250261095134516e+17
3.2837401678304634e+17
3.317662300247955e+17
3.352033770360376e+17
3.386860951105441e+17
3.4221503118495744e+17
3.4579084199065536e+17
3.4941419420973434e+17
3.530857646343331e+17
3.5680624032906906e+17
3.605763187964639e+17
3.6439670814524595e+17
3.682681272616287e+17
3.7219130598346854e+17
3.815189797719657e+17
3.855509536515601e+17
3.896369833515134e+17
3.937778448705018e+17
3.979743260841448e+17
4.022272269380834e+17
4.0653735964437466e+17
4.1090554888129286e+17
4.153326319965332e+17
4.198194592139782e+17
4.243668938439827e+17
4.289758124973298e+17
4.336471053028816e+17
4.383816761289865e+17
4.4849511215373504e+17
4.533596096135787e+17
4.582901893062616e+17
4.632878124628995e+17
4.683534552219245e+17
4.734881088746766e+17
4.7869278011522176e+17
4.839684912945737e+17
4.893162806793359e+17
4.9473720271488474e+17
5.0023232829312186e+17
5.058027450249784e+17
5.114495575176328e+17
5.2248882685917926e+17
5.282925291457494e+17
5.3417605534803386e+17
5.401405810671145e+17
5.461873003635731e+17
5.5231742606533344e+17
5.5853219008099366e+17
5.6483284371868397e+17
5.712206580105312e+17
5.77696924042914e+17
5.842629532925444e+17
5.962346034792969e+17
6.029850046553796e+17
6.09829240422356e+17
6.167687074634356e+17
6.23804824626865e+17
6.309390332995941e+17
6.381727977875255e+17
6.455076057026508e+17
6.529449683570353e+17
6.6048642116388e+17
6.68133524045759e+17
6.812027001536804e+17
6.890668431575571e+17
6.970414803524833e+17
7.051282741237001e+17
7.133289135227729e+17
7.216451147219857e+17
7.300786214768374e+17
7.386312055970039e+17
7.473046674257274e+17
7.561008363278775e+17
7.703365899600422e+17
7.793848810364321e+17
7.885615616271936e+17
7.978685824718446e+17
8.073079259116892e+17
8.168816064335994e+17
8.265916712237133e+17
8.364402007312626e+17
8.46429309242591e+17
8.618759748968306e+17
8.721539684928959e+17
8.825791102525092e+17
8.93153656027224e+17
9.038798985418822e+17
9.147601680348332e+17
9.257968329098787e+17
9.369923004002975e+17
9.483490172450035e+17
9.6518490242636e+17
9.76873032172462e+17
9.887300153831675e+17
1.0007584641392393e+18
1.0129610336050496e+18
1.0253404227833915e+18
1.0378993752843199e+18
1.0506406801082698e+18
1.0688826116948191e+18
1.0819987546643423e+18
1.0953059198435324e+18
1.108807086267443e+18
1.1225052825069242e+18
1.1364035875435167e+18
1.1505051316608012e+18
1.1648130973523328e+18
1.1846469804993336e+18
1.1993793216108672e+18
1.214327979811386e+18
1.2294963562551616e+18
1.2448879091150103e+18
1.2605061545977155e+18
1.276354667978496e+18
1.2977532075253573e+18
1.3140751824471311e+18
1.3306385444980012e+18
1.3474471164127703e+18
1.3645047854755246e+18
1.3818155046774003e+18
1.404697907301265e+18
1.4225289902890488e+18
1.440625419683396e+18
1.4589914238191237e+18
1.4776313028740915e+18
1.4965494301659459e+18
1.5157502534734423e+18
1.5405542420716905e+18
1.560336472237955e+18
1.5804152369154765e+18
1.600795296008354e+18
1.6214814908879398e+18
1.6424787458739973e+18
1.66926969546184e+18
1.690933168848824e+18
1.7129234173759782e+18
1.7352457194138432e+18
1.7579054442441603e+18
1.780908053723163e+18
1.8095692640114266e+18
1.833277235835465e+18
1.8573450926202217e+18
1.88177868448647e+18
