0.0
21.399749611301587
21.44182004083997
21.484035284758278
21.526396055746087
21.568903071057022
21.611557052544786
21.654358726699503
21.697308824684402
21.740408082372856
21.783657240385782
21.827057044129358
21.870608243833114
21.914311594588415
21.95816785638726
22.002177794161454
22.046342177822225
22.090661782300074
22.13513738758519
22.179769778768055
22.22455974608063
22.26950808493776
22.314615595979117
22.35988308511145
22.405311363551284
22.450901247868046
22.496653560027553
22.542569127435982
22.58864878298421
22.634893365092637
22.681303717756382
22.727880690591004
22.774625138878562
22.821537923614223
22.868619911553278
22.915871975258593
22.963294993148583
23.010889849545634
23.058657434724964
23.106598644964038
23.154714382592378
23.203005556041976
23.25147307989811
23.30011787495069
23.34894086824615
23.397942993139825
23.447125189348824
23.496488403005504
23.54603358671139
23.59576169959171
23.645673707350422
23.69577058232582
23.746053303546717
23.796522856789114
23.847180234633562
23.898026436522994
23.94906246882119
24.00028934487185
24.051708085058223
24.10331971686338
24.155125274931056
24.2071258011272
24.259322344602026
24.3117159618528
24.364307716787263
24.41709868078761
24.470089932775274
24.523282559276232
24.576677654487096
24.630276320341807
24.68407966657908
24.738088810810503
24.792304878589377
24.846729003480224
24.901362327129085
24.956205999334486
25.0112611781192
25.066529029802698
25.12201072907445
25.177707459067882
25.23362041143521
25.289750786423003
25.34609979294857
25.402668648677146
25.459458580099877
25.51647082261269
25.573706620595903
25.631167227494803
25.68885390590097
25.746767927634536
25.804910573827296
25.86328313500675
25.921886911180962
25.98072321192444
26.039793356464827
26.099098673770648
26.15864050263988
26.21842019178957
26.278439099946407
26.338698595938236
26.39920005878662
26.45994487780037
26.520934452670122
26.582170193563936
26.643653521223953
26.70538586706407
26.767368673268773
26.829603392892967
26.89209148996294
26.95483443957849
27.017833728016104
27.081090852833327
27.144607322974267
27.208384658876323
27.272424392578014
27.336728067828098
27.401297240195863
27.466133477182673
27.531238358334736
27.5966134753572
27.662260432229438
27.728180845321766
27.794376343513342
27.860848568311475
27.927599173972318
27.994629827622823
28.0619422093842
28.1295380124967
28.19741894344588
28.265586722090287
28.33404308179059
28.402789769540227
28.47182854609755
28.541161186119464
28.61078947829663
28.68071522549026
28.750940244870435
28.821466368056083
28.89229544125655
28.96342932541485
29.034869896352564
29.106619044916442
29.178678677126733
29.251050714327228
29.32373709333711
29.39673976660454
29.47006070236211
29.543701884784106
29.617665314145626
29.691953006983603
29.766566996259748
29.84150933152541
29.916782079088435
29.992387322181987
30.06832716113544
30.144603713547248
30.221219114459974
30.29817551653738
30.375475090243654
30.45312002402485
30.531112524492443
30.609454816609226
30.688149143877368
30.76719776852881
30.846602971717985
30.926367053716888
31.00649233411255
31.086981152006924
31.16783586621922
31.24905885549078
31.33065251869242
31.412619275034405
31.494961564279
31.57768184695562
31.66078260457873
31.744266339868457
31.82813557697386
31.912392861699153
31.997040761732645
32.082081866878596
32.16751878929204
32.25335416371646
32.339590647724634
32.42623092196237
32.513277690395434
32.600733680559586
32.68860164381383
32.77688435559688
32.8655846156869
32.9547052484646
33.0442491031797
33.13421905422086
33.22461800138898
33.31544887017423
33.40671461203649
33.49841820468952
33.590562652388805
33.683150986223175
33.77618626441021
33.8696715725955
33.963610024155884
34.05800476050666
34.152858951412775
34.248175795304235
34.34395851959558
34.44021038100968
34.5369346659058
34.63413469061198
34.73181380176199
34.8299753766366
34.928622823509606
35.02775958199836
35.1273891234191
35.22751495114705
35.32814060098138
35.42926964151505
35.53090567450985
35.633052335276325
35.735713293059
35.838892251426834
35.94259294866904
36.04681915819632
36.15157468894759
36.25686338580233
36.36268912999867
36.46905583955717
36.575967469710534
36.683428013339295
36.79144150141357
36.90001200344094
37.00914362792064
37.118840522804085
37.22910687596189
37.339946915657464
37.45136491102728
37.56336517256789
37.67595205262996
37.78912994591922
37.902903290004566
38.01727656583346
38.13225429825463
38.24784105654835
38.36404145496426
38.480860153266946
38.59830185728944
38.716371319494705
38.83507333954518
38.95441276488078
39.074394491305114
39.19502346358039
39.316304676030995
39.43824317315592
39.560844050250154
39.684112454035315
39.80805358329951
39.93267268954673
40.05797507765579
40.183966106549235
40.31065118987203
40.43803579668049
40.56612545214153
40.69492573824235
40.824442294510916
40.95468081874717
41.085647067765365
41.21734685814769
41.349786067009234
41.48297063277472
41.61690655596701
41.75159990000771
41.88705679203003
42.02328342370419
42.160286052075506
42.29807100041541
42.43664465908574
42.57601348641628
42.716184009596184
42.85716282557909
42.99895660200255
43.14157207812173
43.285016065757986
43.429295450262124
43.574417191493154
43.72038832481229
43.86721596209292
44.014907292746535
44.163469584765096
44.31291018578
44.46323652413807
44.61445610999489
44.76657653642565
44.91960548055403
45.0735507046993
45.22842005754212
45.38422147530926
45.5409629829777
45.698652695498396
45.857298819040174
46.016909652254014
46.177493587558246
46.33905911244501
46.50161481080827
46.66516936429403
46.829731553672985
46.995310260236074
47.161914467213506
47.329553261217555
47.49823583370965
47.66797148249225
47.83876961322602
48.01063974097272
48.183591491764325
48.357634604199006
48.53277893106438
48.70903444098858
48.88641122011984
49.064919473834884
49.24456952847708
49.42537183312458
49.60733696138928
49.79047561324717
49.97479861690063
50.16031693067352
50.34704164493943
50.53498398408407
50.724155308502276
50.91456711663051
51.106231047015406
51.299158880419355
51.49336254196352
51.56031367041565
51.47079285483655
51.37533948706109
51.27428749663514
51.16806485378628
51.0562156555468
50.938412579345886
50.815003129247934
50.685920755394925
50.55069830017143
50.40967288825905
50.26299170106761
50.11024177009523
49.951552468939965
49.78731543332036
49.617638070266224
49.44252721177072
49.2623690183947
49.07708914822801
48.88725639350522
48.69257373021971
48.493462198595125
48.289333940348115
48.08091832311482
47.8679916897501
47.65056102567801
47.42850052903648
47.20232211752609
46.97182497424977
46.73638486833321
46.496334090851555
46.25266257115049
46.004583982254246
45.75207155581829
45.495831900331986
45.236267764244474
44.973090961219384
44.70648432623042
44.435924079560635
44.16196634067407
43.88505828306373
43.60442940206094
43.32050699153713
43.03328676387144
42.7429122405621
42.44907066845428
42.152073648559394
41.852155273385044
41.549240978934904
41.243440067130024
40.93488586742523
40.62346407382329
40.309381579097675
39.992404131859736
39.67306035054732
39.35106575026144
39.026162967214496
38.69901553436967
38.744487973688415
38.790053947379114
38.835713730425226
38.88146759886183
38.92731582978047
38.97325870133422
39.019296492742654
39.06542948429687
39.11165795736459
39.157982194395224
39.204402478925
39.25091909558211
39.29753233009191
39.34424246928211
39.39104980108801
39.43795461455775
39.48495719985768
39.53205784827759
39.57925685223614
39.626554505286215
39.67395110212034
39.72144693857615
39.769042311641854
39.81673751946174
39.864532861341765
39.91242863775505
39.96042515034754
40.00852270194365
40.05672159655187
40.10502213937056
40.153424636793616
40.201929396416254
40.250536727040824
40.29924693868263
40.348060342575806
40.39697725117922
40.44599797818241
40.49512283851152
40.54435214833536
40.59368622507142
40.64312538739192
40.69266995522994
40.74232024978557
40.79207659353211
40.841939310222216
40.89190872489421
40.94198516387835
40.99216895480316
41.04246042660179
41.0928599095184
41.14336773511461
41.19398423627597
41.24470974721847
41.2955446034951
41.346489142002405
41.397543700987136
41.44870862005292
41.499984240166945
41.55137090366673
41.602868954266846
41.65447873706583
41.70620059855297
41.75803488661524
41.80998195054425
41.86204214104322
41.914215810234
41.96650331166415
42.018905000314035
42.07142123260401
42.12405236640156
42.1767987610286
42.22966077726868
42.28263877737438
42.33573312507464
42.388944185582176
42.442272325600925
42.49571791333357
42.54928131848907
42.60296291229021
42.656763067481336
42.71068215833591
42.76472056066435
42.8188786518217
42.87315681071555
42.92755541781383
42.982074855152746
43.03671550634475
43.09147775658654
43.14636199266712
43.201368602975904
43.25649797751088
43.31175050788683
43.36712658734351
43.42262661075407
43.47825097463334
43.53400007714619
43.5898743181161
43.64587409903363
43.70199982306489
43.758251895060276
43.81463072156308
43.87113671081822
43.92777027278097
43.98453181912586
44.041421763255514
44.09844052030957
44.155588507173704
44.212866142488636
44.27027384665927
44.32781204186384
44.3854811520631
44.44328160300959
44.50121382225702
44.55927823916959
44.61747528493148
44.675805392556285
44.734268996896695
44.79286653465397
44.851598444387704
44.91046516652559
44.96946714337312
45.028604819123544
45.08787863986774
45.14728905360424
45.2068365102492
45.26652146164661
45.32634436157839
45.38630566577468
45.44640583192409
45.50664531968408
45.56702459069149
45.62754410857282
45.68820433895507
45.749005749476105
45.809948809795536
45.871033991605415
45.932261768641055
45.993632616691976
46.05514701361283
46.11680543933447
46.17860837587505
46.24055630735121
46.30264971998933
46.36488910213685
46.42727494427365
46.48980773902356
46.55248798116586
46.61531616764692
46.67829279759189
46.741418372316446
46.80469339533865
46.868118372390875
46.93169381143177
46.99542022265834
47.05929811851812
47.123328013721355
47.18751042525338
47.25184587238691
47.316334876694576
47.38097796206146
47.44577565469768
47.51072848315116
47.57583697832039
47.641101673467304
47.70652310423023
47.772101808636954
47.83783832711783
47.90373320251903
47.969786980115785
48.03600020762581
48.10237343522281
48.16890721554996
48.23560210373363
48.30245865739713
48.36947743667447
48.43665900422437
48.50400392524421
48.5715127674842
48.6391861012615
48.70702449947459
48.77502853761766
48.84319879379502
48.91153584873574
48.98004028580835
49.04871269103554
49.11755365310913
49.18656376340492
49.25574361599789
49.101406167402935
48.72939803665658
48.35451271808064
47.97699237178978
47.597360260772405
47.215211147495204
46.83067793009085
46.443540851231
46.053992220364286
45.66216547257562
45.26803397201692
44.87158669111555
44.4732830110119
44.073964011637074
43.673964777779446
43.273355583463086
42.87206835076919
42.47009865062117
42.06750126110921
41.6643564698767
41.26047826233736
40.856100228658505
40.40786024369161
39.97344338858567
39.54025811472713
39.108481781397366
38.6777610526067
38.24800522263562
37.81933116648381
37.39194895704851
36.965546114932835
36.54039141815091
36.11671515413606
35.69418132922397
35.27280332113611
34.85274775714834
34.434026600590265
34.01680057059389
33.600998308493246
33.18655003308075
32.7731705353772
32.36110432926031
31.95022005224294
31.540592202485392
31.132165983230156
30.724775056309614
30.319008079767745
29.914894541198507
29.512226991131875
29.111126898683175
28.711767733748648
28.314366296909302
27.918592865108486
27.524187726276054
27.13115702848608
26.739398158641688
26.349210167497812
25.960599260284276
25.573676490749904
25.188364298342808
24.804733442721986
24.422581107542765
24.04201818547932
23.66289209934279
23.285192813829138
22.908908445850436
22.533907568175838
22.160305785472307
21.787949980858514
21.416280747495772
21.045290569066207
20.675128370214477
20.305786949506015
19.93715089923204
19.56938287116716
19.20239275040676
18.836110344115053
18.470359970783285
18.10545059836252
17.741253387187253
17.3776992702527
17.01492722539448
16.65290344039753
16.29166437664439
15.931032214265365
15.570957590427652
15.211519252601558
14.852601050628317
14.494211934313567
14.136182361657143
13.778523599757536
13.421371967442262
13.064929951483888
12.708917546991321
12.35368984385039
11.998912462932546
11.644485644379277
11.290356909483005
10.936771110263528
10.583704104824452
10.230943853516324
9.878329507146598
9.525964536813381
9.173789050154124
8.821420879498064
8.468979927620897
8.116559083055886
7.76389745850789
7.411076132051592
7.058053584129729
6.704796129189676
6.35126785534827
5.9974273383193735
5.643190344821737
5.288395065481756
4.932942022736971
4.57683925911548
4.219706499103837
3.8616039349612494
3.5019478965821844
3.1407788841990456
2.7772545585529587
2.410588217413305
2.039906916522657
1.6628845879441718
1.2756056943605738
0.8684432260682142
0.39982992251403965
