0.0
1521767519999999.2
4621869302856522.0
8110419662017776.0
1.0818114211979298e+16
1.2580720269269202e+16
1.3661133671045248e+16
1.4334616257528486e+16
1.4785939083295296e+16
1.5121608360538938e+16
1.5399076092451074e+16
1.5648389591799572e+16
1.5885039702437308e+16
1.6116967272062016e+16
1.6348242433417116e+16
1.65809624173599e+16
1.6816221973975764e+16
1.7054607463199576e+16
1.729644789338064e+16
1.7541942341718798e+16
1.779122460234538e+16
1.8044395984334176e+16
1.830154195563592e+16
1.856274059543055e+16
1.8828066893080304e+16
1.909759494138244e+16
1.9371399062423044e+16
1.9649554392504984e+16
1.993213719310341e+16
2.021922502321561e+16
2.0510896841751652e+16
2.080723307478225e+16
2.110831566530631e+16
2.141422811450305e+16
2.172505551902273e+16
2.204088460663406e+16
2.23618037714129e+16
2.268790310908151e+16
2.3019274452816684e+16
2.3356011409697976e+16
2.369820939789194e+16
2.404596568463163e+16
2.4399379425030948e+16
2.4758551701764756e+16
2.5123585565641216e+16
2.5494586077090464e+16
2.587166034859321e+16
2.6254917588073136e+16
2.664446914327648e+16
2.704042854716351e+16
2.744291156433619e+16
2.7852036238527896e+16
2.8267922941181096e+16
2.8690694421139356e+16
2.9120475855481788e+16
2.955739490152729e+16
3.0001581750037864e+16
3.045316917965077e+16
3.09122926125694e+16
3.1379090171544588e+16
3.1853702738177964e+16
3.233627401258073e+16
3.282695057442081e+16
3.3325881945393948e+16
3.383322065315368e+16
3.434912229673669e+16
3.487374561352159e+16
3.5407252547758812e+16
3.594980832071188e+16
3.650158150245e+16
3.70627440853343e+16
3.763347155923972e+16
3.821394298855731e+16
3.880434109102128e+16
3.940485231840789e+16
4.001566693915314e+16
4.06369791229387e+16
4.126898702729579e+16
4.191189288627908e+16
4.256590310126315e+16
4.32312283339165e+16
4.3908083601408344e+16
4.459668837390648e+16
4.529726667442448e+16
4.601004718107944e+16
4.673526333182243e+16
4.74731534317055e+16
4.822396076275166e+16
4.898793369649476e+16
4.976532580925921e+16
5.055639600025115e+16
5.1361408612534184e+16
5.218063355696507e+16
5.301434643916784e+16
5.386282868962461e+16
5.472636769696691e+16
5.560525694455013e+16
5.649979615039908e+16
5.7410291410613064e+16
5.833705534632227e+16
5.928040725428976e+16
6.024067326125613e+16
6.1218186482125896e+16
6.221328718209901e+16
6.322632294285195e+16
6.425764883287718e+16
6.530762758209302e+16
6.637662976083741e+16
6.746503396336445e+16
6.85732269959652e+16
6.970160406983662e+16
7.085056899882802e+16
7.2020534402196504e+16
7.321192191250834e+16
7.442516238882462e+16
7.566069613531678e+16
7.69189731254591e+16
7.820045323195086e+16
7.95056064625253e+16
8.08349132018068e+16
8.21888644593819e+16
8.356796212425669e+16
8.497271922587475e+16
8.640366020187835e+16
8.786132117279978e+16
8.934625022387285e+16
9.085900769416554e+16
9.240016647323446e+16
9.397031230551318e+16
9.557004410264931e+16
9.719997426401227e+16
9.88607290056025e+16
1.0055294869759643e+17
1.0227728821077094e+17
1.040344172720573e+17
1.0582502082948294e+17
1.0764979942676602e+17
1.0950946958783642e+17
1.1140476421156576e+17
1.1333643297699576e+17
1.153052427593653e+17
1.1731197805724358e+17
1.193574414310878e+17
1.2144245395355189e+17
1.2356785567188531e+17
1.2573450608276733e+17
1.2794328461993814e+17
1.3019509115499347e+17
1.3249084651172538e+17
1.3483149299440114e+17
1.372179949303854e+17
1.396513392275221e+17
1.4213253594670757e+17
1.4466261889009686e+17
1.472426462054032e+17
1.4987370100675894e+17
1.5255689201262803e+17
1.5529335420126947e+17
1.5808424948426934e+17
1.6093076739867712e+17
1.6383412581829354e+17
1.667955716846825e+17
1.6981638175848832e+17
1.7289786339166608e+17
1.760413553212475e+17
1.7924822848528656e+17
1.825198868616486e+17
1.8585776833032822e+17
1.892633455600032e+17
1.9273812691955565e+17
1.9628365741531168e+17
1.999015196547794e+17
2.0359333483768675e+17
2.0736076377514858e+17
2.1120550793781795e+17
2.1512931053390653e+17
2.191339576179835e+17
2.232212792314981e+17
2.2739315057599654e+17
2.316514932200368e+17
2.3599827634084154e+17
2.4043551800175734e+17
2.449652864666308e+17
2.4958970155223933e+17
2.543109360199633e+17
2.591312170079162e+17
2.640528275047941e+17
2.690781078667477e+17
2.742094573786221e+17
2.7944933586095507e+17
2.848002653241714e+17
2.9026483167145984e+17
2.958456864518653e+17
3.0154554866518803e+17
3.073672066203256e+17
3.1331351984875674e+17
3.193874210749192e+17
3.2559191824529683e+17
3.3193009661808806e+17
3.384051209153948e+17
3.4502023753993894e+17
3.5177877685837824e+17
3.58684155553364e+17
3.6573987904656416e+17
3.729495439949406e+17
3.8031684086265926e+17
3.8784555657108666e+17
3.955395772294119e+17
4.0340289094853056e+17
4.114395907409017e+17
4.1965387750920237e+17
4.28050063126687e+17
4.3663257361227315e+17
4.454059524034733e+17
4.543748637304037e+17
4.635440960942166e+17
4.729185658534247e+17
4.825033209216961e+17
4.9230354458083955e+17
5.0232455941282496e+17
5.125718313548229e+17
5.230509738813865e+17
5.337677523180485e+17
5.4472808829076435e+17
5.5593806431578176e+17
5.674039285346898e+17
5.791320995995676e+17
5.911291717133376e+17
6.034019198306034e+17
6.159573050244524e+17
6.288024800249002e+17
6.419447949348591e+17
6.553918031297339e+17
6.691512673469637e+17
6.832311659720696e+17
6.97639699528e+17
7.123852973748298e+17
7.274766246271158e+17
7.429225892964869e+17
7.587323496673413e+17
7.749153219137889e+17
7.914811879663191e+17
8.084399036369476e+17
8.258017070119642e+17
8.4357712712172e+17
8.617769928972626e+17
8.80412442423987e+17
8.994949325028687e+17
9.190362485302326e+17
9.390485147074322e+17
9.595442045922616e+17
9.805361520043465e+17
1.0020375622972527e+18
1.0240620240105354e+18
1.0466235209154496e+18
1.0697364444685852e+18
1.0934156066882355e+18
1.117676253468883e+18
1.1425340783497809e+18
1.1680052367542323e+18
1.1941063607168312e+18
1.2208545741165637e+18
1.2482675084344404e+18
1.276363319054975e+18
1.3051607021316695e+18
1.334678912037414e+18
1.3649377794215357e+18
1.3959577298961375e+18
1.4277598033752038e+18
1.460365674090953e+18
1.4937976713128353e+18
1.5280788007956495e+18
1.5632327669842573e+18
1.5992839960035348e+18
1.6362576594633257e+18
1.67417969910936e+18
1.7130768523523948e+18
1.7529766787091018e+18
1.7939075871896294e+18
1.8358988646681577e+18
1.8789807052743122e+18
1.9231842408447724e+18
1.968541572476136e+18
2.015085803221673e+18
2.0628510719765043e+18
2.1118725885974625e+18
2.1621866703059103e+18
2.213830779423741e+18
2.2668435624949294e+18
2.3212648908471916e+18
2.3771359026505574e+18
2.434499046532133e+18
2.4933981268087644e+18
2.553878350401972e+18
2.615986375502238e+18
2.6797703620525814e+18
2.7452800241243663e+18
2.8125666842613965e+18
2.881683329871578e+18
2.95268467174893e+18
3.0256272048121964e+18
3.1005692711501097e+18
3.1775711254672317e+18
3.2566950030284073e+18
3.3380051902040873e+18
3.4215680977233306e+18
3.507452336745888e+18
3.595728797869737e+18
3.6864707331955057e+18
3.7797538415746765e+18
3.8756563571739566e+18
3.974259141494193e+18
4.0756457789883433e+18
4.179902676429433e+18
4.2871191661862185e+18
4.3973876135714007e+18
4.510803528434526e+18
4.627465681179686e+18
4.747476223396078e+18
4.870940813298156e+18
4.997968746181042e+18
5.128673090106208e+18
5.263170827042355e+18
5.401582999696677e+18
5.544034864282556e+18
5.690656049481146e+18
5.84158072186612e+18
5.996947758073431e+18
6.1569009240111e+18
6.321589061417681e+18
6.442859691479027e+18
6.445724049466095e+18
6.445802907835843e+18
6.443207575547312e+18
6.438089167128417e+18
6.430269092968153e+18
6.419618467191943e+18
6.406265656674223e+18
6.390186233216894e+18
6.371207055842216e+18
6.349461394106224e+18
6.325014278587862e+18
6.297722580314094e+18
6.267650520543329e+18
6.234963979216222e+18
6.199724792189078e+18
6.161959773885073e+18
6.121839847699275e+18
6.07936626758277e+18
6.034781072290032e+18
5.988006936731544e+18
5.939233620865264e+18
5.888281825345337e+18
5.835456792028619e+18
5.780716375211215e+18
5.724104532669896e+18
5.665619291772894e+18
5.605488429122603e+18
5.543685210279148e+18
5.480036856383587e+18
5.414711394342498e+18
5.348103825593275e+18
5.279989994097468e+18
5.210413545536031e+18
5.139668195104053e+18
5.067939505652846e+18
4.995179307628634e+18
4.921498593104157e+18
4.846775682747698e+18
4.771245383902298e+18
4.695101663953169e+18
4.618146559046024e+18
4.5405683378951716e+18
4.4624160463335823e+18
4.383784444132115e+18
4.304627744046319e+18
4.225092121434137e+18
4.1452966214114043e+18
4.065266428762286e+18
3.9850809104390385e+18
3.9048245957757773e+18
3.8245099247989043e+18
3.744240196338068e+18
3.6639941187886275e+18
3.5839602321775493e+18
3.504101589989955e+18
3.4243921673759724e+18
3.345048193311029e+18
3.362771968126629e+18
3.380605380154648e+18
3.3985492050406287e+18
3.4166042246080297e+18
3.4347712269129073e+18
3.453051006299197e+18
3.4714443634544814e+18
3.489952105466321e+18
3.508575045879148e+18
3.527314004751695e+18
3.546169808715003e+18
3.565143291030991e+18
3.5842352916515953e+18
3.6034466572785055e+18
3.6227782414234685e+18
3.642230904469188e+18
3.6618055137308544e+18
3.6815029435182254e+18
3.701324075198377e+18
3.721269797259026e+18
3.7413410053725133e+18
3.761538602460397e+18
3.7818634987587026e+18
3.8079758978868434e+18
3.837181609396932e+18
3.8680944464482857e+18
3.900018836218271e+18
3.932606078055443e+18
3.965682041497824e+18
3.999160546793223e+18
4.0329997557074227e+18
4.067180200020884e+18
4.1016937076515123e+18
4.1365378203451914e+18
4.1717129794831124e+18
4.2072211074098063e+18
4.2430648923556536e+18
4.279247428114519e+18
4.3157720325963653e+18
4.3526421565753354e+18
4.389861337919955e+18
4.427433178760038e+18
4.465361334222304e+18
4.503649507002727e+18
4.542301444885287e+18
4.5813209397498726e+18
4.62071182733448e+18
4.660477987381243e+18
4.700623343979543e+18
4.741151866012059e+18
4.782067567656342e+18
4.823374508918092e+18
4.865076796184089e+18
4.90717858278887e+18
4.949684069592129e+18
4.99259750556541e+18
5.035923188387473e+18
5.079665465047952e+18
5.123828732459315e+18
5.168417438077086e+18
5.213436080528427e+18
5.258889210249133e+18
5.304781430129199e+18
5.351117396167017e+18
5.397901818132403e+18
5.445139460238475e+18
5.492835141822607e+18
5.540993738036519e+18
5.589620180545691e+18
5.638719458238172e+18
5.688296617942999e+18
5.73835676515825e+18
5.788905064789032e+18
5.839946741895369e+18
5.891487082450292e+18
5.943531434108144e+18
5.996085206983365e+18
6.049153874439821e+18
6.102742973890876e+18
6.15685810761038e+18
6.211504943554638e+18
6.266689216195662e+18
6.322416727365744e+18
6.378693347113603e+18
6.435525014572203e+18
6.492917738838477e+18
6.550877599865097e+18
6.609410749364468e+18
6.668523411725132e+18
6.728221884940773e+18
6.788512541551988e+18
6.849401829601035e+18
6.910896273599711e+18
6.973002475510612e+18
7.035727115741929e+18
7.099076954155957e+18
7.163058831091636e+18
7.227679668401177e+18
7.292946470501047e+18
7.358866325437622e+18
7.425446405967534e+18
7.492693970653117e+18
7.560616364973019e+18
7.62922102244837e+18
7.698515465784558e+18
7.768507308029002e+18
7.839204253745064e+18
7.910614100202381e+18
7.982744738583867e+18
8.055604155209601e+18
8.129200432777908e+18
8.203541751623784e+18
8.278636390995143e+18
8.35449273034684e+18
8.431119250653063e+18
8.508524535738089e+18
8.586717273625943e+18
8.665706257908956e+18
8.7455003891358e+18
8.826108676219116e+18
8.907540237863004e+18
8.989804304010876e+18
9.072910217313734e+18
9.156867434619392e+18
9.241685528482757e+18
9.32737418869776e+18
9.413943223850945e+18
9.501402562897326e+18
9.589762256758694e+18
9.679032479944704e+18
9.76922353219732e+18
9.860345840158538e+18
9.952409959062284e+18
1.0045426574450344e+19
1.013940650391311e+19
1.0234360698855236e+19
1.0330300246286733e+19
1.0427236370639897e+19
1.052518043561234e+19
1.0624143946036711e+19
1.0724138549777359e+19
1.082517603965447e+19
1.0927268355396002e+19
1.1030427585617963e+19
1.1134665969833355e+19
1.1239995900490326e+19
1.1346429925039895e+19
1.1453980748033823e+19
1.1562661233252975e+19
1.1672484405866736e+19
1.1783463454623926e+19
1.1895611734075732e+19
1.200894276683113e+19
1.2123470245845326e+19
1.2239208036741716e+19
1.235617018016791e+19
1.247437089418637e+19
1.2593824576700121e+19
1.2714545807914201e+19
1.2836549352833352e+19
1.2959850163796484e+19
1.3084463383048659e+19
1.3210404345350906e+19
1.3337688580628765e+19
1.3466331816659952e+19
1.3596349981801908e+19
1.3727759207759751e+19
1.3860575832395416e+19
1.3994816402578416e+19
1.413049767707913e+19
1.426763662950517e+19
1.4406250451281482e+19
1.4546356554674987e+19
1.468797257586437e+19
1.4831116378055782e+19
1.4975806054645248e+19
1.512205993242841e+19
1.526989657485846e+19
1.5419334785352966e+19
1.5570393610650501e+19
1.572309234421774e+19
1.5877450529707856e+19
1.6033487964471108e+19
1.6191224703118508e+19
1.6350681061139194e+19
1.6511877618572698e+19
1.6674835223736711e+19
1.6839574997011446e+19
1.671701896211268e+19
1.6374019328622453e+19
1.6031536607033635e+19
1.568997803006737e+19
1.5350008143897194e+19
1.501137598204223e+19
1.4674355439938454e+19
1.4338884257324366e+19
1.4005285453716775e+19
1.36738162656274e+19
1.334458247175523e+19
1.3017702166165983e+19
1.2693694087082246e+19
1.2373370347052761e+19
1.205707477194971e+19
1.1744914101602005e+19
1.1436877451485522e+19
1.1133004706404143e+19
1.0833378790268377e+19
1.053809612543496e+19
1.0247047563448422e+19
9.960438109507146e+18
9.631920174182121e+18
9.324595405098658e+18
9.024721620413434e+18
8.732290685744773e+18
8.446937727305142e+18
8.168488167973697e+18
7.896903784563723e+18
7.632197865126586e+18
7.374060465429098e+18
7.122540048523e+18
6.87764960837537e+18
6.639075248278313e+18
6.406712634704606e+18
6.180539463194566e+18
5.960445841903796e+18
5.746398049688295e+18
5.538241079366864e+18
5.335825706813942e+18
5.1389061674809e+18
4.947494443022486e+18
4.761424203749779e+18
4.580626110635858e+18
4.4049737640072704e+18
4.2342983015595725e+18
4.068743205105021e+18
3.908208660957228e+18
3.7525048486246287e+18
3.6015741998331474e+18
3.4553743938595226e+18
3.3138729400322867e+18
3.1768440116051753e+18
3.0440995303884155e+18
2.915548425930896e+18
2.791066592983504e+18
2.670657030525019e+18
2.5542267808379136e+18
2.441714124060991e+18
2.3330025416092744e+18
2.2280196021776125e+18
2.1266205001247892e+18
2.02874787669144e+18
1.9342775199511273e+18
1.8431251691951608e+18
1.7552076542457684e+18
1.6704167645930404e+18
1.5887024337881736e+18
1.509956455169476e+18
1.4339944437172716e+18
1.3607554845605893e+18
1.2902086776670436e+18
1.2222914953360837e+18
1.1569233918650056e+18
1.0940740190589184e+18
1.0336686833374167e+18
9.756386399502968e+17
9.199016396263322e+17
8.664496440479557e+17
8.152075823001213e+17
7.661117904019629e+17
7.191270119360937e+17
6.741945010082445e+17
6.312649525898063e+17
5.902650400545001e+17
5.511391725666497e+17
5.138461284031794e+17
4.7832475944794016e+17
4.445280149515997e+17
4.123934241528686e+17
3.818768817191172e+17
3.52944202703679e+17
3.255641464095293e+17
2.99668435573426e+17
2.7523609979994982e+17
2.5219761157775616e+17
2.3050282042529942e+17
2.1010593838238374e+17
1.909777109627884e+17
1.730726258680581e+17
1.5633723195879475e+17
1.4072324471016874e+17
1.261950138144569e+17
1.1270976972160843e+17
1.0021458769552242e+17
8.867651664005923e+16
7.806047280791776e+16
6.832107431533392e+16
5.942362458845196e+16
5.132987041104696e+16
4.400196235095901e+16
3.740215286738339e+16
3.1492729238081004e+16
2.6235504028903496e+16
2.159170750280228e+16
1.7524004172985832e+16
1.3996269442643476e+16
1.096887402057498e+16
8406563530739570.0
6269665268727354.0
4523008477118846.0
3127248401522141.0
2044958047001486.0
1239214155732485.0
671276801659006.1
303015372930525.2
95617990043896.28
9331279384227.44
