1044.9988588226531
1044.950942509098
1044.8333827546824
1044.716933597456
1044.6016120091067
1044.4875074694132
1044.374512007615
1044.262466510479
1044.1517113611073
1044.0419165474889
1043.9332676722024
1043.8256946658098
1043.7190115013007
1043.613191860641
1043.5084891326642
1043.4046900954113
1043.2977130909724
1043.1891686866704
1043.0809770073274
1042.9731386173714
1042.8656540752481
1042.7585239333828
1042.6517487381388
1042.5453290297794
1042.4392643444928
1042.333398371724
1042.227653958571
1042.1219943339772
1042.0164029163532
1041.9108731799379
1041.8054036419635
1041.6999953504637
1041.6132749591238
1041.526511022108
1041.43973127027
1041.3529382197266
1041.2661344924766
1041.1793227600056
1041.0924792513888
1041.005633321617
1040.918713506879
1040.831770274004
1040.7448334823168
1040.657880533609
1040.5709398355646
1040.484014172911
1040.3971065232831
1040.3101931407787
1040.2233037378137
1040.1364150032766
1040.0495562872377
1039.9627054028465
1039.8758906387995
1039.7891150113537
1039.7208530012433
1039.652438130874
1039.5838487438314
1039.5150899506084
1039.4461901872794
1039.3770476790598
1039.3077703313882
1039.23835906289
1039.1688180429348
1039.099201551744
1039.0294864827363
1038.9596239677753
1038.8896431355388
1038.8195989283229
1038.7494941509615
1038.6793316217709
1038.6091141768493
1038.5388193362462
1038.4683465817768
1038.4153991351227
1038.362187394625
1038.3085678366897
1038.2546176709
1038.2003367578045
1038.1456282476245
1038.0904244485293
1038.0347494173566
1037.9787161980792
1037.9224312420977
1037.8657903226213
1037.8087986850783
1037.751541907018
1037.6939180104064
1037.6360144916116
1037.5941214196193
1037.5517021436083
1037.5087604395073
1037.46504029072
1037.4207251568414
1037.375747841042
1037.3302187683805
1037.2842028109542
1037.2374115983316
1037.1898215585725
1037.1417348004293
1037.108018689403
1037.0730976250109
1037.0369897966789
1036.9996187162578
1036.9609675775919
1036.9207583020982
1036.878953018468
1036.8359106039686
1036.8047486722373
1036.771362428904
1036.7354548843816
1036.6977420046783
1036.669631611814
1036.6379069592442
1036.603281917284
1036.566720135681
1036.538139828414
1036.50362379251
1036.471329449806
1036.4399656946998
1036.4090288849377
1036.381616911175
1036.3534693488575
1036.3250067163947
1036.2959520073027
1036.2682341777718
1036.2385823421716
1036.2010911780487
1036.0843888568675
1035.9682325395893
1035.8526275656325
1035.7375792204232
1035.623092752067
1035.5091733700792
1035.3958262441065
1035.2830565026452
1035.1708692317516
1035.0592694737468
1034.9482622090454
1034.8378524057641
1034.728044967208
1034.6188447477243
1034.5102565513891
1034.4022851306893
1034.2949351852023
1034.1882113602744
1034.0821182295724
1033.976660342436
1033.8718421735732
1033.7676681381643
1033.664142590538
1033.5612698228451
1033.45905406374
1033.3574994770597
1033.2566101451741
1033.1563901139825
1033.0568433449837
1032.9579737296174
1032.859785087959
1032.7622811674298
1032.6654656415064
1032.5693420938305
1032.4739140610768
1032.3791849872332
1032.2851582372662
1032.1918370958751
1032.0992247662555
1032.0073243549025
1031.9161389126186
1031.825671390775
1031.7359246544083
1031.6469014810436
1031.558604559534
1031.4710364889152
1031.384199764067
1031.2980968145432
1031.212729963215
1031.1281014387212
1031.0442133744082
1030.961067807293
1030.8786665366351
1030.7970115476887
1030.716104582434
1030.6359472825761
1030.5565411886198
1030.4778877389642
1030.399988257182
1030.322843987003
1030.2464560553374
1030.1708254836326
