5.122999112192894e+17
5.050194658576833e+17
4.973727088215221e+17
4.893017626929609e+17
4.817277984070721e+17
4.740229018333613e+17
4.666785624510676e+17
4.5920943751707674e+17
4.5165319883053254e+17
4.441766157246435e+17
4.367883518916129e+17
4.290158327689558e+17
4.205862062142453e+17
4.119151215170651e+17
4.0336094428683866e+17
3.949946871639176e+17
3.867645093569962e+17
3.786037723829637e+17
3.70557925683227e+17
3.627873636403141e+17
3.549607724862349e+17
3.477183908578711e+17
3.387184108173761e+17
3.304797265622608e+17
3.223383222234817e+17
3.14531873760023e+17
3.0694323084536096e+17
2.993864930083287e+17
2.918249302814012e+17
2.845929311068677e+17
2.7728813301284742e+17
2.7000965240007706e+17
2.630555296708675e+17
2.562107671257741e+17
2.4940039642337024e+17
2.427036768470821e+17
2.360175024669102e+17
2.295490458860782e+17
2.2324876629835526e+17
2.1717739156531456e+17
2.111247834704937e+17
2.052372328818556e+17
1.9942989072282986e+17
1.937819933343179e+17
1.882710048018578e+17
1.8264393062159456e+17
1.7709636687480573e+17
1.717751733486317e+17
1.6651741406523005e+17
1.613186466710647e+17
1.5611984347137843e+17
1.512181521559642e+17
1.4649635632364477e+17
1.4188173760556563e+17
1.3739170766437146e+17
1.329110044066317e+17
1.285074613761555e+17
1.241898190779742e+17
1.2000231317230317e+17
1.1590727333535046e+17
1.1193330726494282e+17
1.0805170869294123e+17
1.043235109557641e+17
1.0064694149728486e+17
9.709046456446338e+16
9.364887886559856e+16
9.025986354954918e+16
8.700240088665818e+16
8.394776483764443e+16
8.096007800432275e+16
7.79761119070805e+16
7.509069019627984e+16
7.227787597169355e+16
6.948387517201438e+16
6.681320916854597e+16
6.419427316266622e+16
6.16570534324385e+16
5.9125146300403384e+16
5.671033135672078e+16
5.434504099259869e+16
5.201406718304018e+16
4.974349664940737e+16
4.754553449505934e+16
4.542014128159619e+16
4.334987430007227e+16
4.132964804321401e+16
3.937518091311473e+16
3.747595768118123e+16
3.564747469037182e+16
3.3858549811285264e+16
3.2104204911808812e+16
3.0387907238259012e+16
2.8750713606324788e+16
2.712845220017904e+16
2.5603386536335788e+16
2.4119447940339696e+16
2.268568833111452e+16
2.1269637726425616e+16
1.992781910026944e+16
1.864008990667863e+16
1.7403325677454196e+16
1.619778949702362e+16
1.5046904470953362e+16
1.396392324590242e+16
1.2896961989784206e+16
1.187271422512214e+16
1.0909371746823264e+16
9973070561541668.0
9082635496354938.0
8233045563191008.0
7424237358824768.0
6655640411613315.0
5933081183008668.0
5251260640311144.0
4608883241154434.0
4007086480704649.0
3448647496492290.0
2928872726461293.0
2452852692308571.5
2014692802498238.8
1620034079080690.0
1266780815460273.0
953792338194012.5
683012216232904.4
453870532200766.0
267079570443908.1
123791445580014.45
8956472205410.93
