61.69853572327281
61.635970579535716
61.48246623615579
61.33040562991233
61.17981108271761
61.03079961166634
60.88323038205013
60.73689574045169
60.5922403957349
60.44883348419032
60.30691757508876
60.16640130040339
60.02704179927733
59.88880481100082
59.75202148466274
59.616413406253756
59.47664790572403
59.33482879643012
59.193464708041304
59.052556415845494
58.91210468766676
58.77211028380769
58.63257395699127
58.493496452303305
58.35487720287694
58.21651194837408
58.07829985920632
57.940192873186675
57.80216931144117
57.66422063687114
57.52634490367668
57.388543474442606
57.275168614095534
57.161732901374
57.04827257811265
56.9347909224151
56.8212913512984
56.7077773469808
56.59421781457719
56.48065112776562
56.36698381993341
56.25328187159718
56.13958432124546
56.02586160433111
55.9121508645032
55.79845573637183
55.684780107425304
55.57109290934463
55.45743299938968
55.34376987668658
55.23014192821941
55.11652012266321
55.00294146224367
54.889409889171795
54.80009742908459
54.71058240572202
54.62083646055813
54.530866256437456
54.44070897949256
54.35023142807594
54.25957477735147
54.16874020933249
54.07773316035279
53.98662464937282
53.89538442154398
53.80394850120785
53.71235499165696
53.62067578801726
53.528914549442796
53.43707495315703
53.34516070008312
53.253142351501516
53.16088830572671
53.09157433501556
53.0219127746859
52.95171569992535
52.88108415536153
52.81001792588249
52.73839017547648
52.666112232446324
52.59321554631855
52.519848086484785
52.44614920411649
52.37198239403859
52.2973544878604
52.22237751272842
52.14691789603689
52.07109018127486
52.01622778581446
51.96067525044208
51.90443748057261
51.84717913942137
51.78914044271661
51.730233334431276
51.67060239037728
51.610332533291825
51.54904601510364
51.48671189594762
51.4237258270557
51.379562234754175
51.33381961501032
51.28652172017398
51.23756827964074
51.18693719444002
51.13426409799856
51.07949926751527
51.02311272656768
50.98228920882632
50.93855111042907
50.891509215498786
50.8421013627319
50.80527323610256
50.76370941809248
50.71834499871349
50.670442367965485
50.63299638047892
50.587772743137634
50.545459376690474
50.50436471300325
50.463828887571054
50.42791110351688
50.391029017238544
50.35373361254469
50.31566189651765
50.279341487371774
50.2404863230288
50.19135791246067
50.03842586333406
49.88620124863628
49.73469116044919
49.58390262166574
49.43384260780602
49.284518045320645
49.13593580988065
48.988102724665964
48.84102555863782
48.69471102480868
48.54916575637785
48.404396371739466
48.260409405596036
48.117211329703714
47.974808551112645
47.8332074103993
47.692414179895614
47.552435061913286
47.41327616582009
47.27494357010454
47.13744325635699
47.000781129034294
46.86496301368145
46.72999465514945
46.59588171582042
46.46262977382993
46.33024430117652
46.198730722718395
46.06809435323956
45.93834041621938
45.80947404207659
45.681500266427776
45.5544240283496
45.428250149473186
45.30298339020747
45.1786283896812
45.05518968363249
44.93267170272758
44.81107877088785
44.69041508529346
44.570684770175845
44.45189181934574
44.33404011334099
44.21713341783393
44.10117538206166
43.986169537275615
43.87211927786129
43.75902791229208
43.646898608768794
43.53573441152326
43.42553823938167
43.316312884357664
43.20806082580671
43.100784787069934
42.99448717151067
42.88917025032181
42.784836161264295
42.681486907435755
42.57912434051553
42.477750206689514
42.37736609802369
42.277973467346506
