0.0
5927470856895.593
18109394059779.715
31966752028140.875
42892313381754.69
50177606834662.69
54811479863236.09
57856456400667.66
60025267526642.16
61755415808708.66
63265575944599.21
64675837849227.84
66048691286518.84
67405456461086.04
68785058130528.04
70185598191788.016
71612010706258.42
73066510732519.39
74540603363028.28
76057964675411.08
77608248775567.84
79192381864555.72
80806382892462.16
82452049207258.77
84142645061096.11
85870544614201.8
87636148420472.61
89427090352505.75
91272001969327.98
93157885181465.39
95085715098289.77
97041355450352.14
99054906751163.98
101114337303917.86
103219860507154.2
105357819137892.75
107555869669685.8
109806043895107.81
112099405043430.22
114229670336419.6
116630742705062.78
119086146592811.78
121652378006078.25
124259506059818.89
126887937776604.88
129576222767541.9
132315018983008.27
135115946766746.38
137992230989085.31
140933360253504.7
143920496694710.22
146998917271921.75
150148224471098.4
153350513674730.47
156640761745681.25
160012851512104.94
163451862576905.03
166965948612519.78
170577766263133.22
174265745549908.0
178026496259340.72
181896365856386.84
185849132693384.84
189878860309327.47
194026608618065.62
198261016158662.62
202583810681236.06
207030891488529.06
211564629251085.66
216207488592036.56
220977133412620.25
225824669856877.22
230821196369994.53
235934802394842.88
241138364449379.8
246502259964303.28
251648303818293.03
257102564444885.75
262843943949290.56
268459659773015.0
274481395859602.44
280855128451032.97
287174299641732.25
293643826609667.4
300230335847097.7
307021690880818.3
313401960631773.06
320499760984476.94
328017215041548.1
335485808356912.9
342842239161262.7
350315329660415.06
358491068784927.9
366809676434775.06
375233508161954.56
383806746388198.06
392652421413601.75
401653609742060.3
410942478001368.4
420396203391368.4
430152672500956.75
440082539492110.3
450329597569320.0
460763572723225.5
471271608336859.8
481633040501887.06
493219990144459.7
504878846521091.94
515590024233995.9
527031975240761.0
539504341601871.7
552228413360563.4
565625273552176.9
579041102321904.8
592734177217939.4
606807288993520.2
621244719509802.6
635999446707930.8
651213684106358.6
666758797052340.5
682704016816420.2
699111369307739.5
715878348152466.9
733107505117449.5
750807963705522.2
768911124284642.9
787512071285959.8
806082457668886.8
824738515827450.8
845512020139385.5
866160565504223.0
887303992372683.8
908966138709989.4
931241247070070.5
954124446287016.1
977251110506730.4
999790383942696.2
1025382901830830.6
1050773376221837.5
1076802567282995.1
1103500700116796.8
1130895380506105.8
1157175409987939.5
1186852013749728.5
1216612055961790.0
1246300683701032.2
1276112491488122.0
1307202362345471.8
1341085653337445.8
1374899364561151.0
1409660020223487.5
1445355313228724.5
1482017167662318.0
1517956077861428.5
1556743473806620.2
1596678823523919.0
1637470290054998.2
1679379803972285.2
1722442508190169.2
1766692201849933.5
1812161574879294.2
1856870968852977.2
1905071476527931.8
1954554185734258.0
2005229444799622.5
2057311572529199.8
2107341054146020.0
2162291983698675.0
2214830543706007.0
2272725978133181.5
2331906901851688.5
2393492447982044.0
2456096345235645.0
2515592527164680.0
2579774588718152.5
2649506806513776.0
2719492844598269.0
2786934239421675.0
2860792140713699.5
2937777803539097.0
3016259610004382.5
3097113710068562.5
3180259812696489.0
3265700576853774.5
3353772908529181.0
3444301009217599.0
3537455065668531.5
3633363665765195.0
3729283515560986.5
3829896021656720.0
3934488080766242.0
4042038280219210.0
4149163545954709.0
4262481557228152.0
4379727013146291.0
4500276947089963.0
4624485983551084.0
4752237858905389.0
4876252234409122.0
5003942352785024.0
5139845266910469.0
5283998315953005.0
5425894169187608.0
5578643536286104.0
5734979795952689.0
5890987271564791.0
6056787218624502.0
6227646706131137.0
6403646556066129.0
6578687204057978.0
6765985495052232.0
6935656964705184.0
7131633029965960.0
7328807100507622.0
7531902819255890.0
7748294947665012.0
7963312227411502.0
8187154086316657.0
8422799423818145.0
8666274441793893.0
8909956161686833.0
9168550050102866.0
9435096946929348.0
9702263382172280.0
9985149482838528.0
1.027725280094008e+16
1.0578501276626638e+16
1.0878693353931142e+16
1.1200601376441474e+16
1.1530892591523902e+16
1.1870483536596084e+16
1.2194392461664052e+16
1.254286639921525e+16
1.291681340439422e+16
1.3301840331068678e+16
1.3680666144656602e+16
1.4076771302991712e+16
1.4487597807159508e+16
1.4908849846454064e+16
1.534761861925892e+16
1.5795713685899252e+16
1.625829253152574e+16
1.673346155812782e+16
1.7230413538386442e+16
1.7756029938743852e+16
1.8272962263496172e+16
1.8804932129526424e+16
1.931501709677519e+16
1.989815535851483e+16
2.0510876333296148e+16
2.1124993677116696e+16
2.17384762306421e+16
2.238956829810525e+16
2.304091273423077e+16
2.371787696663922e+16
2.445802362626615e+16
2.5187774143410028e+16
2.592518185390255e+16
2.6728303420198532e+16
2.7535593626902324e+16
2.838164981565527e+16
2.927876195315647e+16
3.0178729861571076e+16
3.1073491212344596e+16
3.205291075385782e+16
3.3061760511041604e+16
3.410472622256188e+16
3.5196935642573576e+16
3.6327093766089256e+16
3.749579048374451e+16
3.862059298003031e+16
3.979455143989771e+16
4.108365777629157e+16
4.2417147692653736e+16
4.377150615131749e+16
4.5121140252362936e+16
4.649688018697899e+16
4.795234014636545e+16
4.949940301032974e+16
5.109781709635071e+16
5.267756482823927e+16
5.438784731161886e+16
5.603495805196322e+16
5.782263720487918e+16
5.973139614278773e+16
6.1681172483704856e+16
6.368423349217246e+16
6.578889592987376e+16
6.786428539290858e+16
7.0061247825168184e+16
7.23211495077246e+16
7.4698446490044e+16
7.718411177927691e+16
7.972091030265978e+16
8.225266949811158e+16
8.492081922715234e+16
8.767462610902174e+16
9.054694445428213e+16
9.353834318569144e+16
9.657318926385856e+16
9.982074025518312e+16
1.0318941796098126e+17
1.0672845202269896e+17
1.1032494962607149e+17
1.1404833866682549e+17
1.179002134735257e+17
1.2186663420477224e+17
1.2571312996374518e+17
1.2959866952857184e+17
1.3399316968783731e+17
1.3865126648422534e+17
1.4306194571869677e+17
1.4768729144856586e+17
1.5256687131635056e+17
1.573667784605309e+17
1.6257095190606048e+17
1.678535635732584e+17
1.7364918361319952e+17
1.7975981831804662e+17
1.8587389061506003e+17
1.9219069431118432e+17
1.9855995767011818e+17
2.0513602170702486e+17
2.122844283605413e+17
2.1960848405881632e+17
2.2721200741865395e+17
2.351524894947486e+17
2.4320664676584416e+17
2.5179967102925824e+17
2.5927776222787366e+17
2.605947597712688e+17
2.6152813040872643e+17
2.619579791883513e+17
2.6271845301365014e+17
2.636598271563378e+17
2.6432942289545763e+17
2.6478441297793626e+17
2.656549564747676e+17
2.6617181357547565e+17
2.6642063113373392e+17
2.6700354910755872e+17
2.6735526986717152e+17
2.6734633072484714e+17
2.670906417607957e+17
2.6683799764569773e+17
2.6610316284134115e+17
2.654665003883615e+17
2.6434527559902624e+17
2.6342264014370826e+17
2.620249955385632e+17
2.611899807856954e+17
2.5963719838755638e+17
2.5828853228672618e+17
2.5692214886632867e+17
2.5553331315016045e+17
2.538550702302103e+17
2.5211226094520333e+17
2.509318592253127e+17
2.4943862775394582e+17
2.472826214479508e+17
2.4557245526365475e+17
2.4388779608825782e+17
2.4173126246064013e+17
2.3933706870834234e+17
2.370132358243327e+17
2.3459818773294938e+17
2.3252819224748787e+17
2.3016795272919523e+17
2.274841047809686e+17
2.252061903645968e+17
2.227531165179223e+17
2.202928581228021e+17
2.176936416553737e+17
2.1533184618306925e+17
2.127650389001679e+17
2.101036149292602e+17
2.0744166305004954e+17
2.047974589518263e+17
2.020572933987554e+17
1.9934967855047722e+17
1.965829449632345e+17
1.939272979430052e+17
1.910619031040257e+17
1.8830977966191232e+17
1.8568818395611277e+17
1.8281137457047027e+17
